3.b,2,5,10,1,[[[0, []], [1, []], [15, []], [81, []], [241, []], [624, []], [1215, []], [2402, []], [3855, []], [6561, []], [9360, []]]],[0, 1, 15, 81, 241, 624, 1215, 2402, 3855, 6561, 9360],3.5.b.E.a

3.b,2,5,10,1,[[[1/3, []], [1, []], [-15, []], [1, []], [241, []], [-624, []], [-15, []], [2402, []], [-3855, []], [1, []], [9360, []]]],[1/3, 1, -15, 1, 241, -624, -15, 2402, -3855, 1, 9360],3.5.b.E.b

4.b,3,5,10,1,[[[0, []], [1, []], [16, []], [80, []], [256, []], [626, []], [1280, []], [2400, []], [4096, []], [6481, []], [10016, []]]],[0, 1, 16, 80, 256, 626, 1280, 2400, 4096, 6481, 10016],4.5.b.E.a

4.b,3,5,10,1,[[[5/4, []], [1, []], [1, []], [-80, []], [1, []], [626, []], [-80, []], [-2400, []], [1, []], [6481, []], [626, []]]],[5/4, 1, 1, -80, 1, 626, -80, -2400, 1, 6481, 626],4.5.b.E.b

5.c,2,5,10,4,[[[0, [0]], [1, [0]], [16, [1]], [81, [-1]], [255, [16]], [625, [0]], [1297, [65]], [2401, [1]], [4080, [255]], [6560, [-81]], [10000, [625]]]],[0, 2, 32, 162, 510, 1250, 2594, 4802, 8160, 13120, 20000],5.5.c.E.a

5.c,2,5,10,4,[[[74/25, [43/25]], [1, [0]], [1, [16]], [1, [-81]], [-255, [16]], [1, [0]], [1297, [-65]], [1, [2401]], [-255, [-4080]], [-6560, [-81]], [1, [16]]]],[148/25, 2, 2, 2, -510, 2, 2594, 2, -510, -13120, 2],5.5.c.E.b

7.b,6,5,10,1,[[[0, []], [1, []], [17, []], [80, []], [273, []], [624, []], [1360, []], [2401, []], [4369, []], [6481, []], [10608, []]]],[0, 1, 17, 80, 273, 624, 1360, 2401, 4369, 6481, 10608],7.5.b.E.a

7.b,6,5,10,1,[[[16, []], [1, []], [17, []], [-80, []], [273, []], [-624, []], [-1360, []], [1, []], [4369, []], [6481, []], [-10608, []]]],[16, 1, 17, -80, 273, -624, -1360, 1, 4369, 6481, -10608],7.5.b.E.b

7.d,3,5,10,3,[[[0, [0]], [1, [0]], [15, [1]], [81, [1]], [240, [15]], [626, [-1]], [1214, [97]], [2401, [0]], [3841, [240]], [6560, [82]], [9391, [610]]]],[0, 2, 31, 163, 495, 1251, 2525, 4802, 7922, 13202, 19392],7.5.d.E.a

7.d,3,5,10,3,[[[-12/7, [113/7]], [1, [0]], [-15, [16]], [1, [81]], [-15, [-240]], [626, [-625]], [-1311, [97]], [1, [0]], [4081, [-240]], [-6560, [6642]], [610, [9391]]]],[89/7, 2, -14, 83, -270, 627, -2525, 2, 7922, -6478, 10611],7.5.d.E.b

8.d,3,5,10,1,[[[0, []], [1, []], [16, []], [82, []], [256, []], [624, []], [1312, []], [2400, []], [4096, []], [6643, []], [9984, []]]],[0, 1, 16, 82, 256, 624, 1312, 2400, 4096, 6643, 9984],8.5.d.E.a

8.d,3,5,10,1,[[[57/2, []], [1, []], [1, []], [82, []], [1, []], [-624, []], [82, []], [-2400, []], [1, []], [6643, []], [-624, []]]],[57/2, 1, 1, 82, 1, -624, 82, -2400, 1, 6643, -624],8.5.d.E.b

9.d,2,5,10,3,[[[0, [0]], [1, [0]], [16, [1]], [81, [0]], [255, [17]], [626, [-1]], [1296, [81]], [2401, [-1]], [4079, [272]], [6561, [0]], [10017, [609]]]],[0, 2, 33, 162, 527, 1251, 2673, 4801, 8430, 13122, 20643],9.5.d.E.a

9.d,2,5,10,3,[[[34/3, [127/3]], [1, [0]], [1, [16]], [1, [0]], [-255, [272]], [626, [-625]], [1, [16]], [1, [-2401]], [-4351, [272]], [1, [0]], [10626, [-609]]]],[65, 2, 18, 2, -238, 627, 18, -2399, -8430, 2, 20643],9.5.d.E.b

11.b,10,5,10,1,[[[0, []], [1, []], [15, []], [82, []], [241, []], [626, []], [1230, []], [2400, []], [3855, []], [6643, []], [9390, []]]],[0, 1, 15, 82, 241, 626, 1230, 2400, 3855, 6643, 9390],11.5.b.E.a

11.b,10,5,10,1,[[[1275/11, []], [1, []], [-15, []], [82, []], [241, []], [626, []], [-1230, []], [-2400, []], [-3855, []], [6643, []], [-9390, []]]],[1275/11, 1, -15, 82, 241, 626, -1230, -2400, -3855, 6643, -9390],11.5.b.E.b

11.d,2,5,10,5,[[[0, [0, 0, 0]], [1, [0, 0, 0]], [16, [1, 0, 0]], [81, [0, 0, -1]], [256, [16, 1, 0]], [624, [1, -1, 1]], [1297, [80, 1, -17]], [2401, [0, -1, 0]], [4096, [256, 16, 1]], [6561, [-1, 0, -81]], [9983, [641, -16, 16]]]],[0, 4, 65, 323, 1039, 2499, 5250, 9605, 16625, 26162, 40605],11.5.d.E.a

11.d,2,5,10,5,[[[22, [86, 33, -51]], [1, [0, 0, 0]], [1, [16, 0, 0]], [1, [0, 0, -81]], [1, [16, 256, 0]], [-624, [625, -625, 625]], [1297, [-1280, 1296, -1377]], [1, [0, -2401, 0]], [1, [16, 256, 4096]], [1, [-6561, 0, -81]], [-10624, [641, -625, 625]]]],[90, 4, 20, -77, -236, -621, 1235, 2405, 3860, -6638, -40605],11.5.d.E.b

13.d,5,5,10,4,[[[0, [0]], [1, [0]], [16, [-1]], [82, [0]], [255, [-16]], [625, [-1]], [1312, [-82]], [2401, [1]], [4080, [-255]], [6643, [0]], [9999, [-641]]]],[0, 2, 32, 164, 510, 1250, 2624, 4802, 8160, 13286, 19998],13.5.d.E.a

13.d,5,5,10,4,[[[81, [-240]], [1, [0]], [1, [-16]], [82, [0]], [-255, [-16]], [1, [-625]], [82, [-1312]], [1, [2401]], [-255, [4080]], [6643, [0]], [-9999, [-641]]]],[162, 2, 2, 164, -510, 2, 164, 2, -510, 13286, -19998],13.5.d.E.b

13.f,2,5,10,12,[[[0, [0, 0, 0]], [1, [0, 0, 0]], [16, [1, 0, 0]], [80, [0, 1, 0]], [256, [16, 1, 0]], [625, [0, 0, -1]], [1280, [80, 16, 1]], [2401, [1, 0, -1]], [4096, [256, 16, 1]], [6480, [0, 80, 0]], [10001, [625, -1, -16]]]],[0, 4, 64, 322, 1026, 2500, 5152, 9604, 16416, 26080, 40002],13.5.f.E.a

13.f,2,5,10,12,[[[-911/13, [1138/13, 3475/13, -743/13]], [1, [0, 0, 0]], [1, [16, 0, 0]], [-80, [0, 81, 0]], [1, [16, 256, 0]], [1, [0, 0, -625]], [-80, [-1280, 81, 1296]], [1, [2401, 0, -2401]], [1, [16, 256, 4096]], [-80, [0, -6480, 0]], [10001, [16, -10000, -625]]]],[3306/13, 4, 4, -158, 516, 4, -158, 4, 516, -13280, 20004],13.5.f.E.b

15.d,14,5,10,1,[[[0, []], [1, []], [17, []], [81, []], [273, []], [625, []], [1377, []], [2400, []], [4369, []], [6561, []], [10625, []]]],[0, 1, 17, 81, 273, 625, 1377, 2400, 4369, 6561, 10625],15.5.d.E.a

15.d,14,5,10,1,[[[496, []], [1, []], [17, []], [1, []], [273, []], [1, []], [17, []], [-2400, []], [4369, []], [1, []], [17, []]]],[496, 1, 17, 1, 273, 1, 17, -2400, 4369, 1, 17],15.5.d.E.b

15.d,14,5,10,1,[[[0, []], [1, []], [-17, []], [-81, []], [273, []], [-1, []], [1377, []], [-2400, []], [-4369, []], [6561, []], [17, []]]],[0, 1, -17, -81, 273, -1, 1377, -2400, -4369, 6561, 17],15.5.d.E.c

15.d,14,5,10,1,[[[0, []], [1, []], [-17, []], [-1, []], [273, []], [-625, []], [17, []], [2400, []], [-4369, []], [1, []], [10625, []]]],[0, 1, -17, -1, 273, -625, 17, 2400, -4369, 1, 10625],15.5.d.E.d

16.f,3,5,10,4,[[[0, [0]], [1, [0]], [16, [0]], [81, [-1]], [256, [0]], [625, [-1]], [1296, [-16]], [2402, [0]], [4096, [0]], [6560, [-81]], [10000, [-16]]]],[0, 2, 32, 162, 512, 1250, 2592, 4804, 8192, 13120, 20000],16.5.f.E.a

16.f,3,5,10,4,[[[497/2, [-1185/2]], [1, [0]], [1, [0]], [1, [-81]], [1, [0]], [1, [-625]], [1, [-81]], [2402, [0]], [1, [0]], [-6560, [-81]], [1, [-625]]]],[497, 2, 2, 2, 2, 2, 2, 4804, 2, -13120, 2],16.5.f.E.b

17.e,3,5,10,16,[[[0, [0, 0, 0, 0, 0, 0, 0]], [1, [0, 0, 0, 0, 0, 0, 0]], [16, [0, 0, 0, 0, 0, -1, 0]], [81, [1, 0, 0, 0, 0, 0, 0]], [256, [0, 0, 0, -1, 0, -16, 0]], [625, [0, 0, 0, 0, 1, 0, 0]], [1296, [16, 0, 0, 0, 0, -81, -1]], [2401, [0, 0, -1, 0, 0, 0, 0]], [4096, [0, -1, 0, -16, 0, -256, 0]], [6561, [81, 1, 0, 0, 0, 0, 0]], [10000, [0, 0, 1, 0, 16, -625, 0]]]],[0, 8, 128, 648, 2048, 5000, 10368, 19208, 32768, 52488, 80000],17.5.e.E.a

17.e,3,5,10,16,[[[2696/17, [6391/17, -1212/17, -3493/17, -6942/17, 6566/17, -4927/17, -5357/17]], [1, [0, 0, 0, 0, 0, 0, 0]], [1, [0, 0, 0, 0, 0, -16, 0]], [1, [81, 0, 0, 0, 0, 0, 0]], [1, [0, 0, 0, -256, 0, -16, 0]], [1, [0, 0, 0, 0, 625, 0, 0]], [1, [81, 0, 0, 0, 0, -16, -1296]], [1, [0, 0, -2401, 0, 0, 0, 0]], [1, [0, -4096, 0, -256, 0, -16, 0]], [1, [81, 6561, 0, 0, 0, 0, 0]], [1, [0, 0, 10000, 0, 625, -16, 0]]]],[21568/17, 8, 8, 8, 8, 8, 8, 8, 8, 8, 8],17.5.e.E.b

19.b,18,5,10,1,[[[0, []], [1, []], [15, []], [80, []], [241, []], [626, []], [1200, []], [2402, []], [3855, []], [6481, []], [9390, []]]],[0, 1, 15, 80, 241, 626, 1200, 2402, 3855, 6481, 9390],19.5.b.E.a

19.b,18,5,10,1,[[[1345, []], [1, []], [-15, []], [-80, []], [241, []], [626, []], [1200, []], [2402, []], [-3855, []], [6481, []], [-9390, []]]],[1345, 1, -15, -80, 241, 626, 1200, 2402, -3855, 6481, -9390],19.5.b.E.b

19.d,8,5,10,3,[[[0, [0]], [1, [0]], [16, [1]], [81, [1]], [255, [17]], [625, [-1]], [1295, [98]], [2402, [0]], [4079, [272]], [6560, [82]], [10001, [608]]]],[0, 2, 33, 163, 527, 1249, 2688, 4804, 8430, 13202, 20610],19.5.d.E.a

19.d,8,5,10,3,[[[-911, [1632]], [1, [0]], [1, [16]], [1, [81]], [-255, [272]], [1, [-625]], [-1295, [1393]], [2402, [0]], [-4351, [272]], [-6560, [6642]], [10001, [-10609]]]],[-190, 2, 18, 83, -238, -623, -1197, 4804, -8430, -6478, 9393],19.5.d.E.b

19.f,2,5,10,9,[[[0, [0, 0, 0, 0, 0]], [1, [0, 0, 0, 0, 0]], [16, [1, 0, 0, 0, 0]], [81, [0, 0, 0, -1, 0]], [256, [16, 1, 0, 0, 0]], [625, [1, 0, 0, -1, 0]], [1296, [81, 0, 0, -16, -1]], [2400, [0, 0, 1, 0, 0]], [4096, [256, 16, 1, 0, 0]], [6561, [0, -1, 0, -81, 1]], [10000, [641, 1, 0, -16, -1]]]],[0, 6, 96, 486, 1536, 3750, 7776, 14403, 24579, 39366, 60000],19.5.f.E.a

19.f,2,5,10,9,[[[-4349/19, [19862/19, 10009/19, 14082/19, -22495/19, -8936/19]], [1, [0, 0, 0, 0, 0]], [1, [16, 0, 0, 0, 0]], [1, [0, 0, 0, -81, 0]], [1, [16, 256, 0, 0, 0]], [1, [625, 0, 0, -625, 0]], [1, [16, 0, 0, -81, -1296]], [-2400, [0, 0, 2401, 0, 0]], [1, [16, 256, 4096, 0, 0]], [1, [0, -6561, 0, -81, 6561]], [1, [641, 10000, 0, -625, -10000]]]],[16152/19, 6, 6, 6, 6, 6, 6, -7197, 12294, 6, 6],19.5.f.E.b

