1.a,1,4,10,1,[[[1/240, []], [1, []], [9, []], [28, []], [73, []], [126, []], [252, []], [344, []], [585, []], [757, []], [1134, []]]],[1/240, 1, 9, 28, 73, 126, 252, 344, 585, 757, 1134],1.4.a.E.a

5.b,4,4,10,1,[[[0, []], [1, []], [7, []], [26, []], [57, []], [125, []], [182, []], [342, []], [455, []], [703, []], [875, []]]],[0, 1, 7, 26, 57, 125, 182, 342, 455, 703, 875],5.4.b.E.a

5.b,4,4,10,1,[[[1, []], [1, []], [-7, []], [-26, []], [57, []], [1, []], [182, []], [-342, []], [-455, []], [703, []], [-7, []]]],[1, 1, -7, -26, 57, 1, 182, -342, -455, 703, -7],5.4.b.E.b

7.c,2,4,10,3,[[[0, [0]], [1, [0]], [7, [-1]], [27, [1]], [56, [-7]], [124, [-1]], [190, [-19]], [343, [0]], [449, [-56]], [728, [26]], [867, [-132]]]],[0, 2, 15, 53, 119, 249, 399, 686, 954, 1430, 1866],7.4.c.E.a

7.c,2,4,10,3,[[[16/7, [-11/7]], [1, [0]], [-7, [-8]], [1, [27]], [-7, [56]], [-124, [-125]], [209, [19]], [1, [0]], [505, [56]], [-728, [-702]], [-132, [867]]]],[43/7, 2, -6, -25, -70, -123, 399, 2, 954, -754, -1131],7.4.c.E.b

8.b,5,4,10,1,[[[0, []], [1, []], [8, []], [26, []], [64, []], [124, []], [208, []], [344, []], [512, []], [703, []], [992, []]]],[0, 1, 8, 26, 64, 124, 208, 344, 512, 703, 992],8.4.b.E.a

8.b,5,4,10,1,[[[11/2, []], [1, []], [1, []], [-26, []], [1, []], [-124, []], [-26, []], [344, []], [1, []], [703, []], [-124, []]]],[11/2, 1, 1, -26, 1, -124, -26, 344, 1, 703, -124],8.4.b.E.b

9.c,4,4,10,3,[[[0, [0]], [1, [0]], [8, [1]], [27, [0]], [63, [7]], [124, [-1]], [216, [27]], [343, [1]], [505, [56]], [729, [0]], [993, [117]]]],[0, 2, 15, 54, 119, 249, 405, 685, 954, 1458, 1869],9.4.c.E.a

9.c,4,4,10,3,[[[28/3, [17/3]], [1, [0]], [1, [8]], [1, [0]], [-63, [-56]], [-124, [-125]], [1, [8]], [1, [343]], [449, [-56]], [1, [0]], [876, [-117]]]],[13, 2, -6, 2, -70, -123, -6, -341, 954, 2, 1869],9.4.c.E.b

11.c,3,4,10,5,[[[0, [0, 0, 0]], [1, [0, 0, 0]], [7, [-1, -1, -1]], [27, [0, 1, 0]], [56, [-8, -8, -7]], [125, [1, 0, 0]], [189, [-26, -19, -27]], [343, [0, 0, 1]], [448, [-64, -63, -56]], [728, [-1, 26, -1]], [876, [-117, -125, -125]]]],[0, 4, 31, 107, 247, 499, 828, 1371, 1975, 2888, 3871],11.4.c.E.a

11.c,3,4,10,5,[[[56/11, [-144/11, -63/11, -115/11]], [1, [0, 0, 0]], [-7, [-8, -8, -8]], [1, [0, 27, 0]], [-7, [-8, -8, 56]], [1, [125, 0, 0]], [-7, [208, 19, -8]], [1, [0, 0, 343]], [-7, [-8, 504, 56]], [-728, [-729, -702, -729]], [993, [117, -8, -8]]]],[546/11, 4, -4, -23, -68, -121, -247, -339, -580, -752, 3871],11.4.c.E.b

12.b,11,4,10,1,[[[0, []], [1, []], [8, []], [27, []], [64, []], [124, []], [216, []], [342, []], [512, []], [729, []], [992, []]]],[0, 1, 8, 27, 64, 124, 216, 342, 512, 729, 992],12.4.b.E.a

12.b,11,4,10,1,[[[23, []], [1, []], [1, []], [1, []], [1, []], [-124, []], [1, []], [-342, []], [1, []], [1, []], [-124, []]]],[23, 1, 1, 1, 1, -124, 1, -342, 1, 1, -124],12.4.b.E.b

12.b,11,4,10,1,[[[0, []], [1, []], [-8, []], [-1, []], [64, []], [-124, []], [8, []], [342, []], [-512, []], [1, []], [992, []]]],[0, 1, -8, -1, 64, -124, 8, 342, -512, 1, 992],12.4.b.E.c

12.b,11,4,10,1,[[[0, []], [1, []], [-1, []], [-27, []], [1, []], [124, []], [27, []], [-342, []], [-1, []], [729, []], [-124, []]]],[0, 1, -1, -27, 1, 124, 27, -342, -1, 729, -124],12.4.b.E.d

13.b,12,4,10,1,[[[0, []], [1, []], [7, []], [28, []], [57, []], [124, []], [196, []], [342, []], [455, []], [757, []], [868, []]]],[0, 1, 7, 28, 57, 124, 196, 342, 455, 757, 868],13.4.b.E.a

13.b,12,4,10,1,[[[29, []], [1, []], [-7, []], [28, []], [57, []], [-124, []], [-196, []], [-342, []], [-455, []], [757, []], [868, []]]],[29, 1, -7, 28, 57, -124, -196, -342, -455, 757, 868],13.4.b.E.b

13.c,3,4,10,3,[[[0, [0]], [1, [0]], [8, [1]], [27, [1]], [63, [7]], [126, [0]], [215, [34]], [342, [-1]], [505, [56]], [728, [26]], [1008, [126]]]],[0, 2, 15, 53, 119, 252, 396, 685, 954, 1430, 1890],13.4.c.E.a

13.c,3,4,10,3,[[[329/13, [419/13]], [1, [0]], [1, [8]], [1, [27]], [-63, [-56]], [126, [0]], [-215, [-181]], [-342, [-343]], [449, [-56]], [-728, [-702]], [126, [1008]]]],[239/13, 2, -6, -25, -70, 252, -249, -341, 954, -754, -756],13.4.c.E.b

13.e,4,4,10,3,[[[0, [0]], [1, [0]], [8, [1]], [27, [-1]], [63, [9]], [124, [0]], [217, [18]], [344, [-1]], [503, [72]], [728, [-26]], [992, [124]]]],[0, 2, 17, 53, 135, 248, 452, 687, 1078, 1430, 2108],13.4.e.E.a

13.e,4,4,10,3,[[[19, [17]], [1, [0]], [1, [8]], [1, [-27]], [-63, [72]], [-124, [0]], [217, [-235]], [344, [-343]], [-575, [72]], [-728, [702]], [-124, [-992]]]],[55, 2, 10, -25, -54, -248, 199, 345, -1078, -754, -1240],13.4.e.E.b

15.e,2,4,10,4,[[[0, [0]], [1, [0]], [8, [-1]], [27, [0]], [63, [-8]], [125, [0]], [216, [-27]], [343, [1]], [504, [-63]], [729, [0]], [1000, [-125]]]],[0, 2, 16, 54, 126, 250, 432, 686, 1008, 1458, 2000],15.4.e.E.a

15.e,2,4,10,4,[[[29, [-41]], [1, [0]], [1, [-8]], [1, [0]], [-63, [-8]], [1, [0]], [1, [-8]], [1, [343]], [-63, [504]], [1, [0]], [1, [-8]]]],[58, 2, 2, 2, -126, 2, 2, 2, -126, 2, 2],15.4.e.E.b

15.e,2,4,10,4,[[[0, [0]], [1, [0]], [-1, [8]], [0, [-27]], [-63, [-8]], [-1, [0]], [216, [27]], [1, [343]], [63, [-504]], [-729, [0]], [1, [-8]]]],[0, 2, 7*t - 9, -26*t, 0, -126, 19*t + 217, 342*t + 344, -567*t - 441, -730, 117*t + 1001],15.4.e.E.c

15.e,2,4,10,4,[[[0, [0]], [1, [0]], [-8, [1]], [0, [-1]], [63, [-8]], [-125, [0]], [1, [8]], [343, [1]], [-504, [63]], [-1, [0]], [1000, [-125]]]],[0, 2, -7*t - 9, 26*t, 0, -126, -19*t + 217, -342*t + 344, 567*t - 441, -730, -117*t + 1001],15.4.e.E.d

16.e,5,4,10,4,[[[0, [0]], [1, [0]], [8, [0]], [27, [-1]], [64, [0]], [125, [1]], [216, [-8]], [342, [0]], [512, [0]], [728, [-27]], [1000, [8]]]],[0, 2, 16, 54, 128, 250, 432, 684, 1024, 1456, 2000],16.4.e.E.a

16.e,5,4,10,4,[[[117/2, [-47/2]], [1, [0]], [1, [0]], [1, [-27]], [1, [0]], [1, [125]], [1, [-27]], [-342, [0]], [1, [0]], [-728, [-27]], [1, [125]]]],[117, 2, 2, 2, 2, 2, 2, -684, 2, -1456, 2],16.4.e.E.b

17.b,16,4,10,1,[[[0, []], [1, []], [9, []], [26, []], [73, []], [124, []], [234, []], [342, []], [585, []], [703, []], [1116, []]]],[0, 1, 9, 26, 73, 124, 234, 342, 585, 703, 1116],17.4.b.E.a

17.b,16,4,10,1,[[[82, []], [1, []], [9, []], [-26, []], [73, []], [-124, []], [-234, []], [-342, []], [585, []], [703, []], [-1116, []]]],[82, 1, 9, -26, 73, -124, -234, -342, 585, 703, -1116],17.4.b.E.b

17.c,4,4,10,4,[[[0, [0]], [1, [0]], [7, [0]], [27, [-1]], [57, [0]], [125, [-1]], [189, [-7]], [343, [1]], [455, [0]], [728, [-27]], [875, [-7]]]],[0, 2, 14, 54, 114, 250, 378, 686, 910, 1456, 1750],17.4.c.E.a

17.c,4,4,10,4,[[[781/17, [-973/17]], [1, [0]], [-7, [0]], [1, [-27]], [57, [0]], [1, [-125]], [-7, [189]], [1, [343]], [-455, [0]], [-728, [-27]], [-7, [875]]]],[1562/17, 2, -14, 2, 114, 2, -14, 2, -910, -1456, -14],17.4.c.E.b

17.d,2,4,10,8,[[[0, [0, 0, 0]], [1, [0, 0, 0]], [8, [0, 1, 0]], [27, [0, 0, -1]], [63, [0, 8, 0]], [125, [0, 0, 1]], [216, [1, 27, -8]], [343, [-1, 0, 0]], [504, [0, 63, 0]], [729, [0, -1, -27]], [1000, [-1, 125, 8]]]],[0, 4, 32, 108, 252, 500, 864, 1372, 2016, 2916, 4000],17.4.d.E.a

17.d,2,4,10,8,[[[36, [8, 63, -27]], [1, [0, 0, 0]], [1, [0, 8, 0]], [1, [0, 0, -27]], [-63, [0, 8, 0]], [1, [0, 0, 125]], [1, [216, 8, -27]], [1, [-343, 0, 0]], [-63, [0, -504, 0]], [1, [0, -729, -27]], [1, [-1000, 8, 125]]]],[144, 4, 4, 4, -252, 4, 4, 4, -252, 4, 4],17.4.d.E.b

19.c,7,4,10,3,[[[0, [0]], [1, [0]], [8, [1]], [27, [1]], [63, [7]], [125, [1]], [215, [34]], [344, [0]], [505, [56]], [728, [26]], [999, [132]]]],[0, 2, 15, 53, 119, 249, 396, 688, 954, 1430, 1866],19.4.c.E.a

19.c,7,4,10,3,[[[35, [124]], [1, [0]], [1, [8]], [1, [27]], [-63, [-56]], [1, [125]], [-215, [-181]], [344, [0]], [449, [-56]], [-728, [-702]], [-999, [-867]]]],[-54, 2, -6, -25, -70, -123, -249, 688, 954, -754, -1131],19.4.c.E.b

19.e,4,4,10,9,[[[0, [0, 0, 0, 0, 0]], [1, [0, 0, 0, 0, 0]], [8, [1, 0, 0, 0, 0]], [27, [0, 0, 0, 1, 0]], [64, [8, 1, 0, 0, 0]], [125, [-1, 0, 0, -1, 0]], [216, [27, 0, 0, 8, 1]], [342, [0, 0, -1, 0, 0]], [512, [64, 8, 1, 0, 0]], [729, [0, -1, 0, 27, -1]], [1000, [117, -1, 0, -8, -1]]]],[0, 6, 48, 162, 384, 750, 1296, 2055, 3069, 4374, 6000],19.4.e.E.a

19.e,4,4,10,9,[[[1683/19, [936/19, 1125/19, -172/19, 649/19, 504/19]], [1, [0, 0, 0, 0, 0]], [1, [8, 0, 0, 0, 0]], [1, [0, 0, 0, 27, 0]], [1, [8, 64, 0, 0, 0]], [1, [-125, 0, 0, -125, 0]], [1, [8, 0, 0, 27, 216]], [-342, [0, 0, -343, 0, 0]], [1, [8, 64, 512, 0, 0]], [1, [0, -729, 0, 27, -729]], [1, [-117, -1000, 0, -125, -1000]]]],[10614/19, 6, 6, 6, 6, 6, 6, -1023, -1530, 6, 6],19.4.e.E.b

