3.b,2,3,100,1,[[[0, []], [1, []], [3, []], [9, []], [13, []], [24, []], [27, []], [50, []], [51, []], [81, []], [72, []], [120, []], [117, []], [170, []], [150, []], [216, []], [205, []], [288, []], [243, []], [362, []], [312, []], [450, []], [360, []], [528, []], [459, []], [601, []], [510, []], [729, []], [650, []], [840, []], [648, []], [962, []], [819, []], [1080, []], [864, []], [1200, []], [1053, []], [1370, []], [1086, []], [1530, []], [1224, []], [1680, []], [1350, []], [1850, []], [1560, []], [1944, []], [1584, []], [2208, []], [1845, []], [2451, []], [1803, []], [2592, []], [2210, []], [2808, []], [2187, []], [2880, []], [2550, []], [3258, []], [2520, []], [3480, []], [2808, []], [3722, []], [2886, []], [4050, []], [3277, []], [4080, []], [3240, []], [4490, []], [3744, []], [4752, []], [3600, []], [5040, []], [4131, []], [5330, []], [4110, []], [5409, []], [4706, []], [6000, []], [4590, []], [6242, []], [4920, []], [6561, []], [5040, []], [6888, []], [5850, []], [6912, []], [5550, []], [7560, []], [6120, []], [7920, []], [5832, []], [8500, []], [6864, []], [8658, []], [6624, []], [8688, []], [7371, []], [9410, []], [7353, []], [9720, []], [7813, []]]],[0, 1, 3, 9, 13, 24, 27, 50, 51, 81, 72, 120, 117, 170, 150, 216, 205, 288, 243, 362, 312, 450, 360, 528, 459, 601, 510, 729, 650, 840, 648, 962, 819, 1080, 864, 1200, 1053, 1370, 1086, 1530, 1224, 1680, 1350, 1850, 1560, 1944, 1584, 2208, 1845, 2451, 1803, 2592, 2210, 2808, 2187, 2880, 2550, 3258, 2520, 3480, 2808, 3722, 2886, 4050, 3277, 4080, 3240, 4490, 3744, 4752, 3600, 5040, 4131, 5330, 4110, 5409, 4706, 6000, 4590, 6242, 4920, 6561, 5040, 6888, 5850, 6912, 5550, 7560, 6120, 7920, 5832, 8500, 6864, 8658, 6624, 8688, 7371, 9410, 7353, 9720, 7813],3.3.b.E.a

3.b,2,3,100,1,[[[-1/9, []], [1, []], [-3, []], [1, []], [13, []], [-24, []], [-3, []], [50, []], [-51, []], [1, []], [72, []], [-120, []], [13, []], [170, []], [-150, []], [-24, []], [205, []], [-288, []], [-3, []], [362, []], [-312, []], [50, []], [360, []], [-528, []], [-51, []], [601, []], [-510, []], [1, []], [650, []], [-840, []], [72, []], [962, []], [-819, []], [-120, []], [864, []], [-1200, []], [13, []], [1370, []], [-1086, []], [170, []], [1224, []], [-1680, []], [-150, []], [1850, []], [-1560, []], [-24, []], [1584, []], [-2208, []], [205, []], [2451, []], [-1803, []], [-288, []], [2210, []], [-2808, []], [-3, []], [2880, []], [-2550, []], [362, []], [2520, []], [-3480, []], [-312, []], [3722, []], [-2886, []], [50, []], [3277, []], [-4080, []], [360, []], [4490, []], [-3744, []], [-528, []], [3600, []], [-5040, []], [-51, []], [5330, []], [-4110, []], [601, []], [4706, []], [-6000, []], [-510, []], [6242, []], [-4920, []], [1, []], [5040, []], [-6888, []], [650, []], [6912, []], [-5550, []], [-840, []], [6120, []], [-7920, []], [72, []], [8500, []], [-6864, []], [962, []], [6624, []], [-8688, []], [-819, []], [9410, []], [-7353, []], [-120, []], [7813, []]]],[-1/9, 1, -3, 1, 13, -24, -3, 50, -51, 1, 72, -120, 13, 170, -150, -24, 205, -288, -3, 362, -312, 50, 360, -528, -51, 601, -510, 1, 650, -840, 72, 962, -819, -120, 864, -1200, 13, 1370, -1086, 170, 1224, -1680, -150, 1850, -1560, -24, 1584, -2208, 205, 2451, -1803, -288, 2210, -2808, -3, 2880, -2550, 362, 2520, -3480, -312, 3722, -2886, 50, 3277, -4080, 360, 4490, -3744, -528, 3600, -5040, -51, 5330, -4110, 601, 4706, -6000, -510, 6242, -4920, 1, 5040, -6888, 650, 6912, -5550, -840, 6120, -7920, 72, 8500, -6864, 962, 6624, -8688, -819, 9410, -7353, -120, 7813],3.3.b.E.b

4.b,3,3,100,1,[[[0, []], [1, []], [4, []], [8, []], [16, []], [26, []], [32, []], [48, []], [64, []], [73, []], [104, []], [120, []], [128, []], [170, []], [192, []], [208, []], [256, []], [290, []], [292, []], [360, []], [416, []], [384, []], [480, []], [528, []], [512, []], [651, []], [680, []], [656, []], [768, []], [842, []], [832, []], [960, []], [1024, []], [960, []], [1160, []], [1248, []], [1168, []], [1370, []], [1440, []], [1360, []], [1664, []], [1682, []], [1536, []], [1848, []], [1920, []], [1898, []], [2112, []], [2208, []], [2048, []], [2353, []], [2604, []], [2320, []], [2720, []], [2810, []], [2624, []], [3120, []], [3072, []], [2880, []], [3368, []], [3480, []], [3328, []], [3722, []], [3840, []], [3504, []], [4096, []], [4420, []], [3840, []], [4488, []], [4640, []], [4224, []], [4992, []], [5040, []], [4672, []], [5330, []], [5480, []], [5208, []], [5760, []], [5760, []], [5440, []], [6240, []], [6656, []], [5905, []], [6728, []], [6888, []], [6144, []], [7540, []], [7392, []], [6736, []], [7680, []], [7922, []], [7592, []], [8160, []], [8448, []], [7680, []], [8832, []], [9360, []], [8192, []], [9410, []], [9412, []], [8760, []], [10416, []]]],[0, 1, 4, 8, 16, 26, 32, 48, 64, 73, 104, 120, 128, 170, 192, 208, 256, 290, 292, 360, 416, 384, 480, 528, 512, 651, 680, 656, 768, 842, 832, 960, 1024, 960, 1160, 1248, 1168, 1370, 1440, 1360, 1664, 1682, 1536, 1848, 1920, 1898, 2112, 2208, 2048, 2353, 2604, 2320, 2720, 2810, 2624, 3120, 3072, 2880, 3368, 3480, 3328, 3722, 3840, 3504, 4096, 4420, 3840, 4488, 4640, 4224, 4992, 5040, 4672, 5330, 5480, 5208, 5760, 5760, 5440, 6240, 6656, 5905, 6728, 6888, 6144, 7540, 7392, 6736, 7680, 7922, 7592, 8160, 8448, 7680, 8832, 9360, 8192, 9410, 9412, 8760, 10416],4.3.b.E.a

4.b,3,3,100,1,[[[-1/4, []], [1, []], [1, []], [-8, []], [1, []], [26, []], [-8, []], [-48, []], [1, []], [73, []], [26, []], [-120, []], [-8, []], [170, []], [-48, []], [-208, []], [1, []], [290, []], [73, []], [-360, []], [26, []], [384, []], [-120, []], [-528, []], [-8, []], [651, []], [170, []], [-656, []], [-48, []], [842, []], [-208, []], [-960, []], [1, []], [960, []], [290, []], [-1248, []], [73, []], [1370, []], [-360, []], [-1360, []], [26, []], [1682, []], [384, []], [-1848, []], [-120, []], [1898, []], [-528, []], [-2208, []], [-8, []], [2353, []], [651, []], [-2320, []], [170, []], [2810, []], [-656, []], [-3120, []], [-48, []], [2880, []], [842, []], [-3480, []], [-208, []], [3722, []], [-960, []], [-3504, []], [1, []], [4420, []], [960, []], [-4488, []], [290, []], [4224, []], [-1248, []], [-5040, []], [73, []], [5330, []], [1370, []], [-5208, []], [-360, []], [5760, []], [-1360, []], [-6240, []], [26, []], [5905, []], [1682, []], [-6888, []], [384, []], [7540, []], [-1848, []], [-6736, []], [-120, []], [7922, []], [1898, []], [-8160, []], [-528, []], [7680, []], [-2208, []], [-9360, []], [-8, []], [9410, []], [2353, []], [-8760, []], [651, []]]],[-1/4, 1, 1, -8, 1, 26, -8, -48, 1, 73, 26, -120, -8, 170, -48, -208, 1, 290, 73, -360, 26, 384, -120, -528, -8, 651, 170, -656, -48, 842, -208, -960, 1, 960, 290, -1248, 73, 1370, -360, -1360, 26, 1682, 384, -1848, -120, 1898, -528, -2208, -8, 2353, 651, -2320, 170, 2810, -656, -3120, -48, 2880, 842, -3480, -208, 3722, -960, -3504, 1, 4420, 960, -4488, 290, 4224, -1248, -5040, 73, 5330, 1370, -5208, -360, 5760, -1360, -6240, 26, 5905, 1682, -6888, 384, 7540, -1848, -6736, -120, 7922, 1898, -8160, -528, 7680, -2208, -9360, -8, 9410, 2353, -8760, 651],4.3.b.E.b

5.c,2,3,100,4,[[[0, [0]], [1, [0]], [4, [1]], [9, [-1]], [15, [4]], [25, [0]], [37, [5]], [49, [1]], [60, [15]], [80, [-9]], [100, [25]], [122, [0]], [139, [21]], [169, [-1]], [195, [53]], [225, [-25]], [241, [60]], [289, [1]], [329, [44]], [360, [0]], [375, [100]], [442, [-40]], [488, [122]], [529, [-1]], [555, [75]], [625, [0]], [677, [165]], [720, [-80]], [731, [211]], [840, [0]], [925, [125]], [962, [0]], [964, [241]], [1098, [-122]], [1155, [293]], [1225, [25]], [1236, [185]], [1369, [1]], [1440, [360]], [1520, [-178]], [1500, [375]], [1682, [0]], [1808, [282]], [1849, [-1]], [1830, [488]], [2000, [-225]], [2117, [525]], [2209, [1]], [2229, [299]], [2400, [49]], [2500, [625]], [2602, [-280]], [2539, [661]], [2809, [-1]], [2960, [400]], [3050, [0]], [2925, [795]], [3240, [-360]], [3360, [840]], [3480, [0]], [3475, [525]], [3722, [0]], [3848, [962]], [3929, [-361]], [3855, [964]], [4225, [-25]], [4514, [610]], [4489, [1]], [4331, [1171]], [4760, [-538]], [4875, [1325]], [5042, [0]], [4935, [660]], [5329, [-1]], [5475, [1373]], [5625, [-625]], [5400, [1440]], [5978, [122]], [6258, [808]], [6240, [0]], [6025, [1500]], [6481, [-720]], [6728, [1682]], [6889, [-1]], [6790, [1168]], [7225, [25]], [7397, [1845]], [7560, [-840]], [7320, [1830]], [7920, [0]], [8225, [1100]], [8282, [120]], [7939, [2101]], [8658, [-962]], [8835, [2213]], [9000, [0]], [8917, [1205]], [9409, [1]], [9551, [2596]], [9760, [-1098]], [9375, [2500]]]],[0, 2, 8, 18, 30, 50, 74, 98, 120, 160, 200, 244, 278, 338, 390, 450, 482, 578, 658, 720, 750, 884, 976, 1058, 1110, 1250, 1354, 1440, 1462, 1680, 1850, 1924, 1928, 2196, 2310, 2450, 2472, 2738, 2880, 3040, 3000, 3364, 3616, 3698, 3660, 4000, 4234, 4418, 4458, 4800, 5000, 5204, 5078, 5618, 5920, 6100, 5850, 6480, 6720, 6960, 6950, 7444, 7696, 7858, 7710, 8450, 9028, 8978, 8662, 9520, 9750, 10084, 9870, 10658, 10950, 11250, 10800, 11956, 12516, 12480, 12050, 12962, 13456, 13778, 13580, 14450, 14794, 15120, 14640, 15840, 16450, 16564, 15878, 17316, 17670, 18000, 17834, 18818, 19102, 19520, 18750],5.3.c.E.a

5.c,2,3,100,4,[[[-2/5, [-1/5]], [1, [0]], [1, [4]], [1, [-9]], [-15, [4]], [1, [0]], [37, [-5]], [1, [49]], [-15, [-60]], [-80, [-9]], [1, [4]], [122, [0]], [21, [139]], [1, [-169]], [-195, [53]], [1, [-9]], [241, [-60]], [1, [289]], [-44, [-329]], [-360, [0]], [-15, [4]], [442, [40]], [122, [488]], [1, [-529]], [-555, [75]], [1, [0]], [677, [-165]], [-80, [720]], [-211, [-731]], [-840, [0]], [37, [-5]], [962, [0]], [241, [964]], [122, [-1098]], [-1155, [293]], [1, [49]], [1236, [-185]], [1, [1369]], [-360, [-1440]], [-1520, [-178]], [-15, [-60]], [1682, [0]], [282, [1808]], [1, [-1849]], [-1830, [488]], [-80, [-9]], [2117, [-525]], [1, [2209]], [-299, [-2229]], [-2400, [49]], [1, [4]], [2602, [280]], [661, [2539]], [1, [-2809]], [-2960, [400]], [122, [0]], [2925, [-795]], [-360, [3240]], [-840, [-3360]], [-3480, [0]], [21, [139]], [3722, [0]], [962, [3848]], [361, [-3929]], [-3855, [964]], [1, [-169]], [4514, [-610]], [1, [4489]], [-1171, [-4331]], [-4760, [-538]], [-195, [53]], [5042, [0]], [660, [4935]], [1, [-5329]], [-5475, [1373]], [1, [-9]], [5400, [-1440]], [122, [5978]], [-808, [-6258]], [-6240, [0]], [241, [-60]], [6481, [720]], [1682, [6728]], [1, [-6889]], [-6790, [1168]], [1, [289]], [7397, [-1845]], [-840, [7560]], [-1830, [-7320]], [-7920, [0]], [-44, [-329]], [8282, [-120]], [2101, [7939]], [962, [-8658]], [-8835, [2213]], [-360, [0]], [8917, [-1205]], [1, [9409]], [-2596, [-9551]], [-9760, [-1098]], [-15, [4]]]],[-4/5, 2, 2, 2, -30, 2, 74, 2, -30, -160, 2, 244, 42, 2, -390, 2, 482, 2, -88, -720, -30, 884, 244, 2, -1110, 2, 1354, -160, -422, -1680, 74, 1924, 482, 244, -2310, 2, 2472, 2, -720, -3040, -30, 3364, 564, 2, -3660, -160, 4234, 2, -598, -4800, 2, 5204, 1322, 2, -5920, 244, 5850, -720, -1680, -6960, 42, 7444, 1924, 722, -7710, 2, 9028, 2, -2342, -9520, -390, 10084, 1320, 2, -10950, 2, 10800, 244, -1616, -12480, 482, 12962, 3364, 2, -13580, 2, 14794, -1680, -3660, -15840, -88, 16564, 4202, 1924, -17670, -720, 17834, 2, -5192, -19520, -30],5.3.c.E.b

7.b,6,3,100,1,[[[0, []], [1, []], [5, []], [8, []], [21, []], [24, []], [40, []], [49, []], [85, []], [73, []], [120, []], [122, []], [168, []], [168, []], [245, []], [192, []], [341, []], [288, []], [365, []], [360, []], [504, []], [392, []], [610, []], [530, []], [680, []], [601, []], [840, []], [656, []], [1029, []], [842, []], [960, []], [960, []], [1365, []], [976, []], [1440, []], [1176, []], [1533, []], [1370, []], [1800, []], [1344, []], [2040, []], [1680, []], [1960, []], [1850, []], [2562, []], [1752, []], [2650, []], [2208, []], [2728, []], [2401, []], [3005, []], [2304, []], [3528, []], [2810, []], [3280, []], [2928, []], [4165, []], [2880, []], [4210, []], [3480, []], [4032, []], [3720, []], [4800, []], [3577, []], [5461, []], [4032, []], [4880, []], [4490, []], [6048, []], [4240, []], [5880, []], [5042, []], [6205, []], [5328, []], [6850, []], [4808, []], [7560, []], [5978, []], [6720, []], [6242, []], [8184, []], [5905, []], [8400, []], [6888, []], [8232, []], [6912, []], [9250, []], [6736, []], [10370, []], [7920, []], [8760, []], [8232, []], [11130, []], [7680, []], [11040, []], [8640, []], [10920, []], [9408, []], [12005, []], [8906, []], [12621, []]]],[0, 1, 5, 8, 21, 24, 40, 49, 85, 73, 120, 122, 168, 168, 245, 192, 341, 288, 365, 360, 504, 392, 610, 530, 680, 601, 840, 656, 1029, 842, 960, 960, 1365, 976, 1440, 1176, 1533, 1370, 1800, 1344, 2040, 1680, 1960, 1850, 2562, 1752, 2650, 2208, 2728, 2401, 3005, 2304, 3528, 2810, 3280, 2928, 4165, 2880, 4210, 3480, 4032, 3720, 4800, 3577, 5461, 4032, 4880, 4490, 6048, 4240, 5880, 5042, 6205, 5328, 6850, 4808, 7560, 5978, 6720, 6242, 8184, 5905, 8400, 6888, 8232, 6912, 9250, 6736, 10370, 7920, 8760, 8232, 11130, 7680, 11040, 8640, 10920, 9408, 12005, 8906, 12621],7.3.b.E.a

7.b,6,3,100,1,[[[-8/7, []], [1, []], [5, []], [-8, []], [21, []], [-24, []], [-40, []], [1, []], [85, []], [73, []], [-120, []], [122, []], [-168, []], [-168, []], [5, []], [192, []], [341, []], [-288, []], [365, []], [-360, []], [-504, []], [-8, []], [610, []], [530, []], [-680, []], [601, []], [-840, []], [-656, []], [21, []], [842, []], [960, []], [-960, []], [1365, []], [-976, []], [-1440, []], [-24, []], [1533, []], [1370, []], [-1800, []], [1344, []], [-2040, []], [-1680, []], [-40, []], [1850, []], [2562, []], [-1752, []], [2650, []], [-2208, []], [-2728, []], [1, []], [3005, []], [2304, []], [-3528, []], [2810, []], [-3280, []], [-2928, []], [85, []], [2880, []], [4210, []], [-3480, []], [4032, []], [-3720, []], [-4800, []], [73, []], [5461, []], [4032, []], [-4880, []], [4490, []], [-6048, []], [-4240, []], [-120, []], [5042, []], [6205, []], [-5328, []], [6850, []], [-4808, []], [-7560, []], [122, []], [6720, []], [6242, []], [-8184, []], [5905, []], [-8400, []], [-6888, []], [-168, []], [6912, []], [9250, []], [-6736, []], [10370, []], [-7920, []], [-8760, []], [-168, []], [11130, []], [7680, []], [-11040, []], [8640, []], [-10920, []], [-9408, []], [5, []], [8906, []], [12621, []]]],[-8/7, 1, 5, -8, 21, -24, -40, 1, 85, 73, -120, 122, -168, -168, 5, 192, 341, -288, 365, -360, -504, -8, 610, 530, -680, 601, -840, -656, 21, 842, 960, -960, 1365, -976, -1440, -24, 1533, 1370, -1800, 1344, -2040, -1680, -40, 1850, 2562, -1752, 2650, -2208, -2728, 1, 3005, 2304, -3528, 2810, -3280, -2928, 85, 2880, 4210, -3480, 4032, -3720, -4800, 73, 5461, 4032, -4880, 4490, -6048, -4240, -120, 5042, 6205, -5328, 6850, -4808, -7560, 122, 6720, 6242, -8184, 5905, -8400, -6888, -168, 6912, 9250, -6736, 10370, -7920, -8760, -168, 11130, 7680, -11040, 8640, -10920, -9408, 5, 8906, 12621],7.3.b.E.b

7.d,3,3,100,3,[[[0, [0]], [1, [0]], [3, [1]], [9, [1]], [12, [3]], [26, [-1]], [26, [13]], [49, [0]], [49, [12]], [80, [10]], [79, [22]], [121, [-1]], [105, [42]], [168, [0]], [147, [49]], [235, [16]], [195, [49]], [289, [1]], [230, [120]], [362, [-1]], [315, [63]], [441, [49]], [364, [117]], [528, [1]], [429, [169]], [650, [-26]], [504, [168]], [719, [90]], [588, [147]], [842, [0]], [689, [299]], [961, [1]], [780, [195]], [1090, [111]], [866, [293]], [1274, [-49]], [930, [390]], [1368, [1]], [1087, [358]], [1512, [168]], [1286, [251]], [1680, [0]], [1274, [637]], [1850, [0]], [1455, [348]], [2090, [170]], [1583, [532]], [2210, [-1]], [1706, [685]], [2401, [0]], [1976, [546]], [2600, [299]], [2016, [504]], [2809, [-1]], [2067, [1079]], [3145, [-146]], [2401, [588]], [3259, [352]], [2526, [842]], [3481, [1]], [2772, [945]], [3722, [-1]], [2882, [965]], [3920, [490]], [3121, [780]], [4368, [-168]], [3159, [1534]], [4489, [-1]], [3465, [882]], [4751, [538]], [3871, [1078]], [5042, [0]], [3800, [1570]], [5329, [1]], [4103, [1372]], [5876, [390]], [4347, [1071]], [5929, [-49]], [4368, [2184]], [6240, [1]], [5119, [1030]], [6471, [809]], [5040, [1680]], [6888, [0]], [5145, [2058]], [7515, [-264]], [5550, [1850]], [7578, [842]], [5941, [1391]], [7922, [-1]], [6100, [2770]], [8232, [0]], [6333, [1599]], [8648, [971]], [6631, [2206]], [9411, [-387]], [6825, [2730]], [9408, [0]], [7203, [2401]], [9690, [1120]], [7878, [1560]]]],[0, 2, 7, 19, 27, 51, 65, 98, 110, 170, 180, 241, 252, 336, 343, 486, 439, 579, 580, 723, 693, 931, 845, 1057, 1027, 1274, 1176, 1528, 1323, 1684, 1677, 1923, 1755, 2291, 2025, 2499, 2250, 2737, 2532, 3192, 2823, 3360, 3185, 3700, 3258, 4350, 3698, 4419, 4097, 4802, 4498, 5499, 4536, 5617, 5213, 6144, 5390, 6870, 5894, 6963, 6489, 7443, 6729, 8330, 7022, 8568, 7852, 8977, 7812, 10040, 8820, 10084, 9170, 10659, 9578, 12142, 9765, 11809, 10920, 12481, 11268, 13751, 11760, 13776, 12348, 14766, 12950, 15998, 13273, 15843, 14970, 16464, 14265, 18267, 15468, 18435, 16380, 18816, 16807, 20500, 17316],7.3.d.E.a

7.d,3,3,100,3,[[[0, [-1]], [1, [0]], [-3, [4]], [1, [9]], [-3, [-12]], [26, [-25]], [-39, [13]], [1, [0]], [61, [-12]], [-80, [90]], [22, [79]], [1, [-121]], [105, [-147]], [-168, [0]], [-3, [4]], [251, [-16]], [-195, [244]], [1, [289]], [-120, [-230]], [362, [-361]], [-378, [63]], [1, [9]], [481, [-117]], [-528, [529]], [169, [429]], [26, [-650]], [504, [-672]], [-809, [90]], [-3, [-12]], [842, [0]], [-689, [988]], [1, [961]], [-195, [-780]], [1090, [-1201]], [-1159, [293]], [26, [-25]], [1320, [-390]], [-1368, [1369]], [358, [1087]], [-168, [-1512]], [1286, [-1537]], [-1680, [0]], [-39, [13]], [1850, [0]], [-1455, [1803]], [170, [2090]], [-532, [-1583]], [2210, [-2209]], [-2391, [685]], [1, [0]], [2522, [-546]], [-2600, [2899]], [504, [2016]], [1, [-2809]], [2067, [-3146]], [-2999, [-146]], [61, [-12]], [3611, [-352]], [-2526, [3368]], [1, [3481]], [-945, [-2772]], [3722, [-3721]], [-3847, [965]], [-80, [90]], [3901, [-780]], [-4368, [4200]], [1534, [3159]], [1, [-4489]], [3465, [-4347]], [-5289, [538]], [22, [79]], [5042, [0]], [-3800, [5370]], [1, [5329]], [-1372, [-4103]], [5876, [-6266]], [-5418, [1071]], [1, [-121]], [6552, [-2184]], [-6240, [6241]], [1030, [5119]], [-809, [-6471]], [5040, [-6720]], [-6888, [0]], [105, [-147]], [7251, [264]], [-5550, [7400]], [842, [7578]], [-1391, [-5941]], [7922, [-7921]], [-8870, [2770]], [-168, [0]], [7932, [-1599]], [-8648, [9619]], [2206, [6631]], [387, [-9411]], [6825, [-9555]], [-9408, [0]], [-3, [4]], [10810, [-1120]], [-7878, [9438]]]],[-1, 2, -2, 11, -18, 27, -65, 2, 110, -70, 123, -119, 63, -336, -2, 486, -146, 291, -470, 363, -693, 11, 845, -527, 767, -598, 336, -1528, -18, 1684, -390, 963, -1170, 979, -2025, 27, 2250, -1367, 1803, -1848, 1035, -3360, -65, 3700, -1107, 2430, -2647, 2211, -4097, 2, 4498, -2301, 3024, -2807, 988, -6144, 110, 6870, -1684, 3483, -4662, 3723, -6729, -70, 7022, -4536, 6227, -4487, 2583, -10040, 123, 10084, -2230, 5331, -6847, 5486, -9765, -119, 10920, -6239, 7179, -8089, 3360, -13776, 63, 14766, -3700, 9262, -8723, 7923, -14970, -336, 14265, -7677, 11043, -8637, 4095, -18816, -2, 20500, -6318],7.3.d.E.b

8.d,3,3,100,1,[[[0, []], [1, []], [4, []], [10, []], [16, []], [24, []], [40, []], [48, []], [64, []], [91, []], [96, []], [122, []], [160, []], [168, []], [192, []], [240, []], [256, []], [290, []], [364, []], [362, []], [384, []], [480, []], [488, []], [528, []], [640, []], [601, []], [672, []], [820, []], [768, []], [840, []], [960, []], [960, []], [1024, []], [1220, []], [1160, []], [1152, []], [1456, []], [1368, []], [1448, []], [1680, []], [1536, []], [1682, []], [1920, []], [1850, []], [1952, []], [2184, []], [2112, []], [2208, []], [2560, []], [2353, []], [2404, []], [2900, []], [2688, []], [2808, []], [3280, []], [2928, []], [3072, []], [3620, []], [3360, []], [3482, []], [3840, []], [3720, []], [3840, []], [4368, []], [4096, []], [4032, []], [4880, []], [4490, []], [4640, []], [5280, []], [4608, []], [5040, []], [5824, []], [5330, []], [5472, []], [6010, []], [5792, []], [5856, []], [6720, []], [6240, []], [6144, []], [7381, []], [6728, []], [6890, []], [7680, []], [6960, []], [7400, []], [8400, []], [7808, []], [7922, []], [8736, []], [8064, []], [8448, []], [9600, []], [8832, []], [8688, []], [10240, []], [9410, []], [9412, []], [11102, []], [9616, []]]],[0, 1, 4, 10, 16, 24, 40, 48, 64, 91, 96, 122, 160, 168, 192, 240, 256, 290, 364, 362, 384, 480, 488, 528, 640, 601, 672, 820, 768, 840, 960, 960, 1024, 1220, 1160, 1152, 1456, 1368, 1448, 1680, 1536, 1682, 1920, 1850, 1952, 2184, 2112, 2208, 2560, 2353, 2404, 2900, 2688, 2808, 3280, 2928, 3072, 3620, 3360, 3482, 3840, 3720, 3840, 4368, 4096, 4032, 4880, 4490, 4640, 5280, 4608, 5040, 5824, 5330, 5472, 6010, 5792, 5856, 6720, 6240, 6144, 7381, 6728, 6890, 7680, 6960, 7400, 8400, 7808, 7922, 8736, 8064, 8448, 9600, 8832, 8688, 10240, 9410, 9412, 11102, 9616],8.3.d.E.a

8.d,3,3,100,1,[[[-3/2, []], [1, []], [1, []], [10, []], [1, []], [-24, []], [10, []], [-48, []], [1, []], [91, []], [-24, []], [122, []], [10, []], [-168, []], [-48, []], [-240, []], [1, []], [290, []], [91, []], [362, []], [-24, []], [-480, []], [122, []], [-528, []], [10, []], [601, []], [-168, []], [820, []], [-48, []], [-840, []], [-240, []], [-960, []], [1, []], [1220, []], [290, []], [1152, []], [91, []], [-1368, []], [362, []], [-1680, []], [-24, []], [1682, []], [-480, []], [1850, []], [122, []], [-2184, []], [-528, []], [-2208, []], [10, []], [2353, []], [601, []], [2900, []], [-168, []], [-2808, []], [820, []], [-2928, []], [-48, []], [3620, []], [-840, []], [3482, []], [-240, []], [-3720, []], [-960, []], [-4368, []], [1, []], [4032, []], [1220, []], [4490, []], [290, []], [-5280, []], [1152, []], [-5040, []], [91, []], [5330, []], [-1368, []], [6010, []], [362, []], [-5856, []], [-1680, []], [-6240, []], [-24, []], [7381, []], [1682, []], [6890, []], [-480, []], [-6960, []], [1850, []], [-8400, []], [122, []], [7922, []], [-2184, []], [8064, []], [-528, []], [-9600, []], [-2208, []], [-8688, []], [10, []], [9410, []], [2353, []], [11102, []], [601, []]]],[-3/2, 1, 1, 10, 1, -24, 10, -48, 1, 91, -24, 122, 10, -168, -48, -240, 1, 290, 91, 362, -24, -480, 122, -528, 10, 601, -168, 820, -48, -840, -240, -960, 1, 1220, 290, 1152, 91, -1368, 362, -1680, -24, 1682, -480, 1850, 122, -2184, -528, -2208, 10, 2353, 601, 2900, -168, -2808, 820, -2928, -48, 3620, -840, 3482, -240, -3720, -960, -4368, 1, 4032, 1220, 4490, 290, -5280, 1152, -5040, 91, 5330, -1368, 6010, 362, -5856, -1680, -6240, -24, 7381, 1682, 6890, -480, -6960, 1850, -8400, 122, 7922, -2184, 8064, -528, -9600, -2208, -8688, 10, 9410, 2353, 11102, 601],8.3.d.E.b

9.d,2,3,100,3,[[[0, [0]], [1, [0]], [4, [1]], [9, [0]], [15, [5]], [26, [-1]], [36, [9]], [49, [-1]], [59, [20]], [81, [0]], [105, [21]], [121, [1]], [135, [45]], [168, [1]], [197, [44]], [234, [-9]], [236, [79]], [288, [0]], [324, [81]], [362, [0]], [395, [110]], [441, [-9]], [483, [126]], [530, [-1]], [531, [180]], [650, [-26]], [671, [173]], [729, [0]], [740, [225]], [841, [1]], [945, [189]], [960, [1]], [945, [315]], [1089, [9]], [1152, [288]], [1273, [-74]], [1215, [405]], [1370, [0]], [1448, [362]], [1512, [9]], [1554, [441]], [1682, [-1]], [1773, [396]], [1849, [-1]], [1810, [625]], [2106, [-81]], [2121, [525]], [2209, [1]], [2124, [711]], [2400, [-48]], [2626, [520]], [2592, [0]], [2515, [860]], [2808, [0]], [2916, [729]], [3147, [-96]], [2911, [901]], [3258, [0]], [3363, [846]], [3482, [-1]], [3555, [990]], [3721, [-1]], [3839, [965]], [3969, [-81]], [3781, [1260]], [4369, [-143]], [4347, [1134]], [4488, [1]], [4320, [1440]], [4770, [-9]], [5166, [903]], [5040, [0]], [4779, [1620]], [5330, [0]], [5480, [1370]], [5850, [-234]], [5430, [1810]], [5930, [-73]], [6039, [1557]], [6241, [-1]], [6215, [1739]], [6561, [0]], [6729, [1677]], [6889, [1]], [6660, [2025]], [7488, [-288]], [7397, [1844]], [7569, [9]], [7119, [2499]], [7920, [0]], [8505, [1701]], [8233, [-120]], [7955, [2630]], [8640, [9]], [8835, [2214]], [9412, [-362]], [8505, [2835]], [9409, [-1]], [9648, [2160]], [9801, [81]], [9880, [2730]]]],[0, 2, 9, 18, 35, 51, 81, 97, 138, 162, 231, 243, 315, 337, 438, 459, 551, 576, 729, 724, 900, 873, 1092, 1059, 1242, 1274, 1515, 1458, 1705, 1683, 2079, 1921, 2205, 2187, 2592, 2472, 2835, 2740, 3258, 3033, 3549, 3363, 3942, 3697, 4245, 4131, 4767, 4419, 4959, 4752, 5772, 5184, 5890, 5616, 6561, 6198, 6723, 6516, 7572, 6963, 8100, 7441, 8643, 7857, 8822, 8595, 9828, 8977, 10080, 9531, 11235, 10080, 11178, 10660, 12330, 11466, 12670, 11787, 13635, 12481, 14169, 13122, 15135, 13779, 15345, 14688, 16638, 15147, 16737, 15840, 18711, 16346, 18540, 17289, 19884, 18462, 19845, 18817, 21456, 19683, 22490],9.3.d.E.a

9.d,2,3,100,3,[[[-2/3, [-5/3]], [1, [0]], [1, [4]], [1, [0]], [-15, [20]], [26, [-25]], [1, [4]], [1, [-49]], [-79, [20]], [1, [0]], [126, [-21]], [1, [121]], [-15, [20]], [-168, [169]], [197, [-241]], [26, [-25]], [-79, [-236]], [-288, [0]], [1, [4]], [362, [0]], [110, [395]], [1, [-49]], [-483, [609]], [530, [-529]], [-79, [20]], [26, [-650]], [-844, [173]], [1, [0]], [965, [-225]], [1, [841]], [126, [-21]], [-960, [961]], [945, [-1260]], [1, [121]], [-288, [-1152]], [-1199, [-74]], [-15, [20]], [1370, [0]], [362, [1448]], [-168, [169]], [-1554, [1995]], [1682, [-1681]], [197, [-241]], [1, [-1849]], [-2435, [625]], [26, [-25]], [2646, [-525]], [1, [2209]], [-79, [-236]], [-2400, [2352]], [2626, [-3146]], [-288, [0]], [-860, [-2515]], [-2808, [0]], [1, [4]], [3051, [96]], [901, [2911]], [362, [0]], [-3363, [4209]], [3482, [-3481]], [110, [395]], [1, [-3721]], [-4804, [965]], [1, [-49]], [5041, [-1260]], [-143, [4369]], [-483, [609]], [-4488, [4489]], [4320, [-5760]], [530, [-529]], [-903, [-5166]], [-5040, [0]], [-79, [20]], [5330, [0]], [1370, [5480]], [26, [-650]], [-5430, [7240]], [5930, [-5857]], [-844, [173]], [1, [-6241]], [-7954, [1739]], [1, [0]], [8406, [-1677]], [1, [6889]], [965, [-225]], [-7488, [7200]], [7397, [-9241]], [1, [841]], [-2499, [-7119]], [-7920, [0]], [126, [-21]], [8113, [120]], [2630, [7955]], [-960, [961]], [-8835, [11049]], [9412, [-9050]], [945, [-1260]], [1, [-9409]], [-11808, [2160]], [1, [121]], [12610, [-2730]]]],[-3, 2, 6, 2, -10, 27, 6, -47, -138, 2, 231, 123, -10, -167, 153, 27, -394, -576, 6, 724, 615, -47, -357, 531, -138, -598, -1515, 2, 1705, 843, 231, -959, 630, 123, -1728, -2472, -10, 2740, 2172, -167, -1113, 1683, 153, -1847, -4245, 27, 4767, 2211, -394, -2448, 2106, -576, -4235, -5616, 6, 6198, 4713, 724, -2517, 3483, 615, -3719, -8643, -47, 8822, 4083, -357, -4487, 2880, 531, -6972, -10080, -138, 10660, 8220, -598, -3620, 6003, -1515, -6239, -14169, 2, 15135, 6891, 1705, -7776, 5553, 843, -12117, -15840, 231, 16346, 13215, -959, -6621, 9774, 630, -9407, -21456, 123, 22490],9.3.d.E.b

11.b,10,3,100,1,[[[0, []], [1, []], [3, []], [10, []], [13, []], [26, []], [30, []], [48, []], [51, []], [91, []], [78, []], [121, []], [130, []], [168, []], [144, []], [260, []], [205, []], [288, []], [273, []], [360, []], [338, []], [480, []], [363, []], [530, []], [510, []], [651, []], [504, []], [820, []], [624, []], [840, []], [780, []], [962, []], [819, []], [1210, []], [864, []], [1248, []], [1183, []], [1370, []], [1080, []], [1680, []], [1326, []], [1680, []], [1440, []], [1848, []], [1573, []], [2366, []], [1590, []], [2210, []], [2050, []], [2353, []], [1953, []], [2880, []], [2184, []], [2810, []], [2460, []], [3146, []], [2448, []], [3600, []], [2520, []], [3482, []], [3380, []], [3720, []], [2886, []], [4368, []], [3277, []], [4368, []], [3630, []], [4490, []], [3744, []], [5300, []], [3744, []], [5042, []], [4641, []], [5328, []], [4110, []], [6510, []], [4680, []], [5808, []], [5040, []], [6240, []], [5330, []], [7381, []], [5040, []], [6888, []], [6240, []], [7488, []], [5544, []], [8400, []], [6171, []], [7922, []], [7098, []], [8064, []], [6890, []], [9620, []], [6630, []], [9360, []], [8190, []], [9410, []], [7059, []], [11011, []], [8463, []]]],[0, 1, 3, 10, 13, 26, 30, 48, 51, 91, 78, 121, 130, 168, 144, 260, 205, 288, 273, 360, 338, 480, 363, 530, 510, 651, 504, 820, 624, 840, 780, 962, 819, 1210, 864, 1248, 1183, 1370, 1080, 1680, 1326, 1680, 1440, 1848, 1573, 2366, 1590, 2210, 2050, 2353, 1953, 2880, 2184, 2810, 2460, 3146, 2448, 3600, 2520, 3482, 3380, 3720, 2886, 4368, 3277, 4368, 3630, 4490, 3744, 5300, 3744, 5042, 4641, 5328, 4110, 6510, 4680, 5808, 5040, 6240, 5330, 7381, 5040, 6888, 6240, 7488, 5544, 8400, 6171, 7922, 7098, 8064, 6890, 9620, 6630, 9360, 8190, 9410, 7059, 11011, 8463],11.3.b.E.a

11.b,10,3,100,1,[[[-3, []], [1, []], [-3, []], [10, []], [13, []], [26, []], [-30, []], [-48, []], [-51, []], [91, []], [-78, []], [1, []], [130, []], [-168, []], [144, []], [260, []], [205, []], [-288, []], [-273, []], [-360, []], [338, []], [-480, []], [-3, []], [530, []], [-510, []], [651, []], [504, []], [820, []], [-624, []], [-840, []], [-780, []], [962, []], [-819, []], [10, []], [864, []], [-1248, []], [1183, []], [1370, []], [1080, []], [-1680, []], [-1326, []], [-1680, []], [1440, []], [-1848, []], [13, []], [2366, []], [-1590, []], [2210, []], [2050, []], [2353, []], [-1953, []], [-2880, []], [-2184, []], [2810, []], [-2460, []], [26, []], [2448, []], [-3600, []], [2520, []], [3482, []], [3380, []], [-3720, []], [-2886, []], [-4368, []], [3277, []], [-4368, []], [-30, []], [4490, []], [-3744, []], [5300, []], [3744, []], [5042, []], [-4641, []], [-5328, []], [-4110, []], [6510, []], [-4680, []], [-48, []], [5040, []], [-6240, []], [5330, []], [7381, []], [5040, []], [-6888, []], [-6240, []], [-7488, []], [5544, []], [-8400, []], [-51, []], [7922, []], [-7098, []], [8064, []], [6890, []], [9620, []], [-6630, []], [-9360, []], [-8190, []], [9410, []], [-7059, []], [91, []], [8463, []]]],[-3, 1, -3, 10, 13, 26, -30, -48, -51, 91, -78, 1, 130, -168, 144, 260, 205, -288, -273, -360, 338, -480, -3, 530, -510, 651, 504, 820, -624, -840, -780, 962, -819, 10, 864, -1248, 1183, 1370, 1080, -1680, -1326, -1680, 1440, -1848, 13, 2366, -1590, 2210, 2050, 2353, -1953, -2880, -2184, 2810, -2460, 26, 2448, -3600, 2520, 3482, 3380, -3720, -2886, -4368, 3277, -4368, -30, 4490, -3744, 5300, 3744, 5042, -4641, -5328, -4110, 6510, -4680, -48, 5040, -6240, 5330, 7381, 5040, -6888, -6240, -7488, 5544, -8400, -51, 7922, -7098, 8064, 6890, 9620, -6630, -9360, -8190, 9410, -7059, 91, 8463],11.3.b.E.b

11.d,2,3,100,5,[[[0, [0, 0, 0]], [1, [0, 0, 0]], [4, [1, 0, 0]], [9, [0, 0, -1]], [16, [4, 1, 0]], [24, [1, -1, 1]], [37, [8, 1, -5]], [49, [0, -1, 0]], [64, [16, 4, 1]], [81, [-1, 0, -9]], [95, [29, -4, 4]], [121, [0, 0, 0]], [149, [32, 13, -20]], [169, [1, 0, 0]], [196, [49, -4, -1]], [216, [9, -8, -16]], [255, [65, 15, 5]], [290, [-1, 1, -1]], [333, [68, 8, -45]], [361, [0, 0, 1]], [380, [115, 9, 16]], [440, [0, -9, -49]], [484, [121, 0, 0]], [530, [0, 0, 0]], [596, [129, 52, -71]], [600, [25, -25, 24]], [676, [173, 1, 0]], [728, [-8, -1, -80]], [785, [195, 34, -5]], [841, [0, -1, 0]], [880, [236, -7, -88]], [961, [-1, 0, 0]], [1019, [260, 60, 20]], [1089, [0, 0, -121]], [1161, [285, 4, -4]], [1176, [50, -74, 49]], [1341, [272, 113, -181]], [1369, [0, 1, 0]], [1443, [362, -1, 5]], [1522, [8, 1, -170]], [1520, [460, 35, 89]], [1681, [0, 0, 1]], [1809, [391, 13, -254]], [1848, [0, 0, 0]], [1936, [484, 121, 0]], [1945, [56, -72, -144]], [2120, [530, 0, 0]], [2209, [0, 0, -1]], [2375, [525, 200, -275]], [2400, [1, -50, 1]], [2376, [724, -99, 95]], [2610, [-9, 8, -298]], [2704, [692, 173, 1]], [2809, [-1, 0, 0]], [2992, [616, 68, -401]], [2904, [121, -121, 121]], [3141, [780, 136, 29]], [3249, [1, 0, -352]], [3364, [841, -4, -1]], [3481, [0, 1, 0]], [3544, [936, 196, -351]], [3722, [-1, 1, -1]], [3844, [957, -1, 0]], [3960, [-49, -81, -440]], [4076, [1039, 240, 80]], [4055, [194, -169, 169]], [4477, [968, 121, -605]], [4490, [0, 0, 0]], [4644, [1141, 305, -16]], [4770, [0, 0, -530]], [4655, [1425, -295, 171]], [5040, [1, -1, 1]], [5365, [1096, 453, -644]], [5329, [0, -1, 0]], [5476, [1369, 4, 1]], [5400, [224, -200, -409]], [5771, [1448, 357, 20]], [5929, [0, -121, 0]], [6258, [1384, 182, -849]], [6241, [1, 0, 0]], [6055, [1865, 115, 380]], [6552, [-72, -8, -720]], [6723, [1682, -1, 5]], [6890, [-1, 1, -1]], [7294, [1555, 501, -1025]], [6961, [264, -264, 265]], [7392, [1848, 0, 0]], [7568, [0, -9, -841]], [7744, [1936, 484, 121]], [7922, [0, 0, 0]], [7924, [2025, -88, -792]], [8281, [49, -169, -1]], [8480, [2120, 530, 0]], [8648, [-8, -1, -960]], [8837, [2208, 1, -5]], [8664, [361, -362, 386]], [9491, [2100, 800, -1099]], [9409, [-1, 0, 0]], [9599, [2405, -200, -45]], [9801, [-121, 0, -1089]], [9505, [2871, 229, 380]]]],[0, 4, 17, 35, 67, 99, 150, 197, 269, 314, 417, 484, 595, 677, 836, 865, 1075, 1157, 1347, 1445, 1642, 1720, 2057, 2120, 2390, 2474, 2876, 2825, 3296, 3365, 3675, 3843, 4296, 4235, 4921, 4877, 5342, 5475, 6140, 5925, 6594, 6725, 7360, 7392, 8107, 7764, 9010, 8835, 9550, 9652, 10422, 10125, 11336, 11235, 12115, 11979, 13237, 12645, 14300, 13923, 14565, 14885, 16334, 15432, 17183, 16752, 18150, 17960, 19396, 18550, 20511, 20163, 21459, 21317, 23270, 21615, 24195, 23837, 25385, 24965, 26350, 25424, 28580, 27557, 29205, 28637, 31416, 29440, 32549, 31688, 33017, 33341, 35510, 33625, 37550, 35765, 38165, 37635, 40956, 37994, 41042],11.3.d.E.a

11.d,2,3,100,5,[[[-10/11, [-26/11, -9/11, 15/11]], [1, [0, 0, 0]], [1, [4, 0, 0]], [1, [0, 0, -9]], [1, [4, 16, 0]], [-24, [25, -25, 25]], [37, [-32, 36, -45]], [1, [0, -49, 0]], [1, [4, 16, 64]], [1, [-81, 0, -9]], [-124, [29, -25, 25]], [1, [0, 0, 0]], [181, [-32, 52, -45]], [1, [169, 0, 0]], [1, [4, -49, -196]], [-24, [25, 200, 16]], [-255, [260, -240, 320]], [290, [-289, 289, -289]], [37, [-113, -288, -45]], [1, [0, 0, 361]], [-124, [-371, -9, 25]], [-440, [0, -49, -9]], [1, [4, 0, 0]], [530, [0, 0, 0]], [181, [544, 52, 19]], [-24, [25, -25, -600]], [1, [173, 676, 0]], [-728, [648, -729, 720]], [785, [-780, 751, -980]], [1, [0, -841, 0]], [-88, [-7, 236, 880]], [1, [-961, 0, 0]], [-1279, [260, -240, 320]], [1, [0, 0, -9]], [1446, [-285, 289, -289]], [-24, [1250, -74, 25]], [181, [-113, -272, -1341]], [1, [0, 1369, 0]], [-1443, [1448, -1444, 1805]], [1522, [-1352, 1521, -1530]], [-124, [-371, -1609, 89]], [1, [0, 0, 1681]], [-404, [-1796, -13, -241]], [-1848, [0, 0, 0]], [1, [4, 16, 0]], [2001, [-56, 200, 16]], [530, [2120, 0, 0]], [1, [0, 0, -2209]], [-75, [800, 2100, 275]], [-2400, [2401, -2450, 2401]], [2376, [-2471, 2475, -3100]], [290, [-289, -2312, -298]], [1, [173, 692, 2704]], [1, [-2809, 0, 0]], [-3608, [616, -1017, 684]], [-24, [25, -25, 25]], [3921, [-780, 751, -916]], [1, [3249, 0, 352]], [1, [4, -841, -3364]], [1, [0, 3481, 0]], [-3544, [3193, -3348, 4480]], [3722, [-3721, 3721, -3721]], [1, [-957, -3844, 0]], [-440, [-81, -49, 3960]], [-1279, [-3836, -240, 320]], [-4249, [194, -25, 25]], [37, [-32, 36, -45]], [4490, [0, 0, 0]], [1446, [4339, 305, -289]], [530, [0, 0, -4770]], [-124, [1254, 4826, -171]], [-5040, [5041, -5041, 5041]], [5365, [-4721, 4912, -6461]], [1, [0, -5329, 0]], [1, [4, 1369, 5476]], [-24, [-5600, 200, -609]], [-7219, [1448, -1428, 1805]], [1, [0, -49, 0]], [7642, [-1384, 2233, -1566]], [1, [6241, 0, 0]], [-380, [-115, -1865, -6055]], [-728, [648, 5832, 720]], [-6723, [6728, -6724, 8405]], [6890, [-6889, 6889, -6889]], [524, [-2580, -6269, -1025]], [265, [-264, 264, 6961]], [-1848, [-7392, 0, 0]], [-7568, [0, -841, -9]], [1, [4, 16, 64]], [7922, [0, 0, 0]], [1937, [8012, -88, 880]], [1, [169, -49, -8281]], [530, [2120, 8480, 0]], [-8648, [7688, -8649, 8640]], [8837, [-8832, 8836, -11045]], [-24, [25, -9050, 386]], [-1099, [800, 2100, 9491]], [1, [-9409, 0, 0]], [-12004, [2405, -2450, 2205]], [1, [-81, 0, -9]], [12376, [-2871, 2491, -3100]]]],[-42/11, 4, 8, -5, -8, -21, 35, 53, 56, -86, -417, 4, 595, 173, -139, -255, -200, 293, 278, 365, -833, -1720, 8, 2120, 1235, -646, -499, -815, 629, 845, 285, -957, -4296, -5, 4921, 1253, -458, -1365, -1075, 1685, 831, 1685, -3640, -7392, -8, 7764, 4240, -2205, -1325, -2348, 1458, 2885, 2189, -2805, -12115, -21, 13237, 3605, -2515, -3477, -3155, 3725, 2891, 2168, -8392, -16752, 35, 17960, 9529, -2650, -4239, -5037, 5366, 5333, 4115, -6505, -24195, 53, 25385, 6245, -5825, -7376, -5035, 6893, 4760, 7493, -14784, -29440, 56, 31688, 16728, -8059, -4240, -9615, 6635, 9365, 3795, -9405, -40956, -86, 41042],11.3.d.E.b

13.d,5,3,100,4,[[[0, [0]], [1, [0]], [4, [-1]], [10, [0]], [15, [-4]], [25, [-1]], [40, [-10]], [49, [1]], [60, [-15]], [91, [0]], [99, [-29]], [121, [1]], [150, [-40]], [169, [0]], [197, [-45]], [250, [-10]], [241, [-60]], [288, [0]], [364, [-91]], [361, [-1]], [371, [-115]], [490, [10]], [485, [-117]], [528, [0]], [600, [-150]], [624, [-25]], [676, [-169]], [820, [0]], [739, [-181]], [842, [0]], [990, [-290]], [961, [-1]], [964, [-241]], [1210, [10]], [1152, [-288]], [1226, [-24]], [1365, [-364]], [1369, [1]], [1443, [-365]], [1690, [0]], [1485, [-435]], [1681, [-1]], [1970, [-450]], [1848, [0]], [1819, [-469]], [2275, [-91]], [2112, [-528]], [2209, [1]], [2410, [-600]], [2400, [49]], [2471, [-724]], [2880, [0]], [2535, [-676]], [2810, [0]], [3280, [-820]], [3026, [-96]], [2955, [-675]], [3610, [-10]], [3368, [-842]], [3481, [1]], [3710, [-1150]], [3722, [0]], [3843, [-965]], [4459, [91]], [3855, [-964]], [4225, [-169]], [4850, [-1170]], [4489, [-1]], [4320, [-1152]], [5280, [0]], [4880, [-1322]], [5041, [-1]], [5460, [-1365]], [5329, [1]], [5477, [-1365]], [6240, [-250]], [5411, [-1459]], [5928, [170]], [6760, [-1690]], [6242, [0]], [5965, [-1741]], [7381, [0]], [6723, [-1685]], [6889, [-1]], [7390, [-1810]], [7200, [-288]], [7392, [-1848]], [8420, [0]], [7275, [-1755]], [7921, [1]], [9009, [-2639]], [8281, [169]], [7920, [-2112]], [9610, [-10]], [8837, [-2205]], [9024, [-386]], [9640, [-2410]], [9409, [-1]], [9649, [-2204]], [11011, [91]], [9260, [-2871]]]],[0, 2, 8, 20, 30, 50, 80, 98, 120, 182, 198, 242, 300, 338, 394, 500, 482, 576, 728, 722, 742, 980, 970, 1056, 1200, 1248, 1352, 1640, 1478, 1684, 1980, 1922, 1928, 2420, 2304, 2452, 2730, 2738, 2886, 3380, 2970, 3362, 3940, 3696, 3638, 4550, 4224, 4418, 4820, 4800, 4942, 5760, 5070, 5620, 6560, 6052, 5910, 7220, 6736, 6962, 7420, 7444, 7686, 8918, 7710, 8450, 9700, 8978, 8640, 10560, 9760, 10082, 10920, 10658, 10954, 12480, 10822, 11856, 13520, 12484, 11930, 14762, 13446, 13778, 14780, 14400, 14784, 16840, 14550, 15842, 18018, 16562, 15840, 19220, 17674, 18048, 19280, 18818, 19298, 22022, 18520],13.3.d.E.a

13.d,5,3,100,4,[[[-27/13, [60/13]], [1, [0]], [1, [-4]], [10, [0]], [-15, [-4]], [1, [-25]], [10, [-40]], [1, [49]], [-15, [60]], [91, [0]], [-99, [-29]], [1, [121]], [-150, [-40]], [1, [0]], [197, [45]], [10, [-250]], [241, [60]], [-288, [0]], [91, [-364]], [1, [-361]], [-115, [371]], [10, [490]], [485, [117]], [-528, [0]], [-150, [600]], [-624, [-25]], [1, [-4]], [820, [0]], [181, [-739]], [842, [0]], [-990, [-290]], [1, [-961]], [241, [-964]], [10, [1210]], [-288, [1152]], [1226, [24]], [-1365, [-364]], [1, [1369]], [-1443, [-365]], [10, [0]], [1485, [435]], [1, [-1681]], [1970, [450]], [-1848, [0]], [469, [-1819]], [91, [-2275]], [-528, [2112]], [1, [2209]], [2410, [600]], [-2400, [49]], [-724, [2471]], [-2880, [0]], [-15, [-4]], [2810, [0]], [820, [-3280]], [3026, [96]], [-2955, [-675]], [10, [-3610]], [842, [-3368]], [1, [3481]], [-1150, [3710]], [3722, [0]], [-3843, [-965]], [91, [4459]], [-3855, [-964]], [1, [-25]], [4850, [1170]], [1, [-4489]], [4320, [1152]], [-5280, [0]], [1322, [-4880]], [1, [-5041]], [-1365, [5460]], [1, [5329]], [5477, [1365]], [-6240, [-250]], [-1459, [5411]], [-5928, [170]], [10, [-40]], [6242, [0]], [1741, [-5965]], [7381, [0]], [-6723, [-1685]], [1, [-6889]], [1810, [-7390]], [-288, [7200]], [-1848, [7392]], [8420, [0]], [-7275, [-1755]], [1, [7921]], [-9009, [-2639]], [1, [49]], [7920, [2112]], [10, [-9610]], [8837, [2205]], [-9024, [-386]], [2410, [-9640]], [1, [-9409]], [-2204, [9649]], [91, [11011]], [9260, [2871]]]],[-54/13, 2, 2, 20, -30, 2, 20, 2, -30, 182, -198, 2, -300, 2, 394, 20, 482, -576, 182, 2, -230, 20, 970, -1056, -300, -1248, 2, 1640, 362, 1684, -1980, 2, 482, 20, -576, 2452, -2730, 2, -2886, 20, 2970, 2, 3940, -3696, 938, 182, -1056, 2, 4820, -4800, -1448, -5760, -30, 5620, 1640, 6052, -5910, 20, 1684, 2, -2300, 7444, -7686, 182, -7710, 2, 9700, 2, 8640, -10560, 2644, 2, -2730, 2, 10954, -12480, -2918, -11856, 20, 12484, 3482, 14762, -13446, 2, 3620, -576, -3696, 16840, -14550, 2, -18018, 2, 15840, 20, 17674, -18048, 4820, 2, -4408, 182, 18520],13.3.d.E.b

13.f,2,3,100,12,[[[0, [0, 0, 0]], [1, [0, 0, 0]], [4, [1, 0, 0]], [8, [0, 1, 0]], [16, [4, 1, 0]], [25, [0, 0, -1]], [32, [8, 4, 1]], [49, [1, 0, -1]], [64, [16, 4, 1]], [72, [0, 8, 0]], [101, [25, -1, -4]], [121, [-1, 0, 0]], [127, [32, 25, 4]], [169, [0, 0, 0]], [197, [53, 0, -4]], [200, [1, 25, -9]], [255, [64, 17, 4]], [289, [0, 1, 0]], [288, [72, 32, 8]], [361, [-1, 0, 1]], [404, [101, 21, -17]], [392, [9, 49, -8]], [484, [117, -1, 0]], [530, [0, -1, 0]], [508, [127, 100, 25]], [624, [0, 0, -25]], [676, [169, 0, 0]], [649, [0, 72, 0]], [788, [213, 49, -16]], [840, [0, 1, 0]], [809, [204, 92, -11]], [961, [0, 0, -1]], [1020, [255, 68, 17]], [968, [-8, 121, -1]], [1156, [289, 4, 1]], [1225, [25, -1, -74]], [1144, [288, 208, 32]], [1369, [-1, 0, 0]], [1443, [357, 0, 4]], [1352, [0, 169, 0]], [1617, [404, 84, -43]], [1681, [1, 0, 0]], [1576, [428, 197, 17]], [1849, [0, 1, 0]], [1936, [468, 117, -1]], [1800, [8, 200, -80]], [2120, [530, -4, -1]], [2209, [0, 0, 1]], [2023, [508, 408, 100]], [2402, [49, -1, -49]], [2521, [624, -25, -100]], [2311, [0, 298, 0]], [2704, [676, 169, 0]], [2810, [0, 0, 0]], [2596, [649, 288, 72]], [3024, [-25, 1, -121]], [3152, [852, 197, -15]], [2888, [-9, 361, 8]], [3360, [840, 4, 1]], [3481, [1, 0, -1]], [3211, [825, 593, -52]], [3721, [0, -1, 0]], [3845, [961, -1, -4]], [3528, [80, 392, -72]], [4079, [1020, 272, 68]], [4225, [0, 0, -169]], [3873, [936, 475, 117]], [4489, [1, 0, 0]], [4623, [1156, 306, 4]], [4241, [0, 521, 0]], [4974, [1325, -53, -297]], [5041, [-1, 0, 1]], [4576, [1144, 832, 208]], [5329, [0, 0, 1]], [5476, [1365, -1, 0]], [4992, [25, 624, -225]], [5772, [1427, 361, 16]], [5928, [72, 0, -121]], [5408, [1352, 676, 169]], [6242, [0, 0, 0]], [6443, [1617, 361, -172]], [5840, [0, 649, 0]], [6724, [1685, 1, 0]], [6889, [0, 0, -1]], [6255, [1720, 1229, 69]], [7225, [1, 25, -290]], [7396, [1849, 4, 1]], [6719, [0, 849, 0]], [7745, [1872, 467, 117]], [7921, [-1, 0, 0]], [7280, [1832, 728, -120]], [8281, [169, 0, -169]], [8481, [2120, 513, -4]], [7688, [1, 961, -9]], [8835, [2209, 1, 4]], [9025, [-25, 1, -336]], [8092, [2023, 1632, 408]], [9409, [-1, 0, 1]], [9657, [2598, -4, -197]], [8712, [-72, 968, -8]], [10084, [2521, 524, -425]]]],[0, 4, 16, 34, 66, 100, 136, 196, 264, 304, 402, 484, 558, 676, 788, 850, 1054, 1158, 1216, 1444, 1658, 1666, 1934, 2118, 2232, 2496, 2704, 2740, 3250, 3362, 3420, 3844, 4216, 4114, 4632, 4898, 4992, 5476, 5772, 5746, 6636, 6724, 6698, 7398, 7978, 7600, 8472, 8836, 8908, 9606, 10034, 9840, 11154, 11240, 10960, 12098, 13002, 12274, 13448, 13924, 14030, 14882, 15378, 14896, 16860, 16900, 16442, 17956, 19104, 18006, 19790, 20164, 19968, 21316, 21902, 21216, 23810, 23712, 22984, 24968, 26494, 24658, 26898, 27556, 27478, 28950, 29592, 28574, 31914, 31684, 30576, 33124, 34950, 32674, 35342, 36102, 35632, 37636, 38620, 36784, 41384],13.3.f.E.a

13.f,2,3,100,12,[[[1, [-2, -5, 1]], [1, [0, 0, 0]], [1, [4, 0, 0]], [-8, [0, 9, 0]], [1, [4, 16, 0]], [1, [0, 0, -25]], [-8, [-32, 9, 36]], [1, [49, 0, -49]], [1, [4, 16, 64]], [-8, [0, -72, 0]], [101, [4, -100, -25]], [1, [-121, 0, 0]], [-152, [-32, 25, 36]], [1, [0, 0, 0]], [197, [53, 0, -49]], [-8, [225, 9, -25]], [-255, [4, 272, 64]], [1, [0, 289, 0]], [-8, [-32, -72, -288]], [1, [-361, 0, 361]], [101, [404, -84, -425]], [-8, [49, 9, 392]], [1, [-117, -484, 0]], [530, [0, -529, 0]], [-152, [-608, 25, 100]], [-624, [0, 0, -25]], [1, [4, 0, 0]], [721, [0, -72, 0]], [197, [837, 16, -49]], [-840, [0, 841, 0]], [92, [193, 809, 11]], [1, [0, 0, -961]], [-255, [-1020, 272, 1088]], [-8, [968, 9, -1089]], [1, [4, 289, 1156]], [1, [49, -1225, -74]], [1144, [-32, -1352, -288]], [1, [-1369, 0, 0]], [-1443, [-357, 0, 361]], [-8, [0, 9, 0]], [1701, [404, -84, -361]], [1, [1681, 0, 0]], [-1576, [17, 1773, 428]], [1, [0, 1849, 0]], [1, [-117, -468, -1936]], [-8, [-1800, -72, 2000]], [530, [2120, -529, -2116]], [1, [0, 0, 2209]], [-408, [-608, -2023, 100]], [2402, [49, -2401, -49]], [-524, [-2496, -100, -25]], [-2609, [0, 298, 0]], [1, [4, 16, 0]], [2810, [0, 0, 0]], [721, [2884, -72, -288]], [-3024, [-121, 3025, -25]], [197, [837, 3152, 15]], [-8, [-361, 9, -2888]], [-840, [-3360, 841, 3364]], [1, [3481, 0, -3481]], [-52, [593, 825, 3211]], [1, [0, -3721, 0]], [3845, [4, -3844, -961]], [-8, [-3920, -72, 392]], [-4351, [-1020, 272, 1088]], [1, [0, 0, -25]], [4348, [936, -475, -1053]], [1, [4489, 0, 0]], [-4623, [4, 4929, 1156]], [521, [0, 4241, 0]], [297, [53, -1325, -4974]], [1, [-5041, 0, 5041]], [1144, [4576, -1352, -5408]], [1, [0, 0, 5329]], [1, [-1365, -5476, 0]], [4992, [225, -5616, -25]], [-1443, [-6133, 16, 361]], [-5928, [-72, 0, -49]], [-8, [-32, 9, 36]], [6242, [0, 0, 0]], [1445, [6804, 172, -361]], [-5840, [0, 6489, 0]], [1, [1685, 6724, 0]], [1, [0, 0, -6889]], [-1720, [-6255, 1789, 7484]], [1, [7225, 289, -7250]], [1, [4, 1849, 7396]], [-849, [0, -6719, 0]], [7745, [-117, -8212, -1872]], [1, [-7921, 0, 0]], [-8008, [-1832, 728, 1712]], [1, [49, 0, -49]], [8994, [2120, -513, -2116]], [-8, [8649, 9, -961]], [-8835, [4, 8836, 2209]], [1, [-361, 9025, 336]], [-408, [-1632, -2023, -8092]], [1, [-9409, 0, 9409]], [2598, [9657, -2401, -9653]], [-8, [968, -72, 8712]], [-524, [-2096, -10084, -425]]]],[-6, 4, 4, -14, 36, 4, -14, 4, 36, -176, 204, 4, -558, 4, 788, -14, -476, 582, -176, 4, 236, -14, -964, 1062, -558, -2496, 4, 2740, 820, -1678, 1986, 4, -476, -14, 582, -2446, 1872, 4, -5772, -14, 6636, 4, -2758, 3702, -932, -176, 1062, 4, -5678, 4806, -2296, -9840, 36, 11240, 2740, -6046, 7092, -14, -1678, 4, 1442, -7438, 7692, -176, -16860, 4, 16442, 4, -8634, 10566, -1462, 4, 1872, 4, -10948, 8736, -5740, -23712, -14, 24968, 6124, -10382, 13452, 4, -3302, 582, 3702, -16834, 14556, 4, -30576, 4, 34950, -14, -17668, 18054, -5678, 4, 5590, -176, -22264],13.3.f.E.b

15.d,14,3,100,1,[[[0, []], [1, []], [5, []], [9, []], [21, []], [25, []], [45, []], [48, []], [85, []], [81, []], [125, []], [120, []], [189, []], [168, []], [240, []], [225, []], [341, []], [290, []], [405, []], [362, []], [525, []], [432, []], [600, []], [530, []], [765, []], [625, []], [840, []], [729, []], [1008, []], [840, []], [1125, []], [962, []], [1365, []], [1080, []], [1450, []], [1200, []], [1701, []], [1368, []], [1810, []], [1512, []], [2125, []], [1680, []], [2160, []], [1848, []], [2520, []], [2025, []], [2650, []], [2210, []], [3069, []], [2353, []], [3125, []], [2610, []], [3528, []], [2810, []], [3645, []], [3000, []], [4080, []], [3258, []], [4200, []], [3480, []], [4725, []], [3722, []], [4810, []], [3888, []], [5461, []], [4200, []], [5400, []], [4488, []], [6090, []], [4770, []], [6000, []], [5040, []], [6885, []], [5328, []], [6840, []], [5625, []], [7602, []], [5760, []], [7560, []], [6242, []], [8525, []], [6561, []], [8400, []], [6890, []], [9072, []], [7250, []], [9240, []], [7560, []], [10200, []], [7920, []], [10125, []], [8064, []], [11130, []], [8658, []], [11050, []], [9050, []], [12285, []], [9408, []], [11765, []], [9720, []], [13125, []]]],[0, 1, 5, 9, 21, 25, 45, 48, 85, 81, 125, 120, 189, 168, 240, 225, 341, 290, 405, 362, 525, 432, 600, 530, 765, 625, 840, 729, 1008, 840, 1125, 962, 1365, 1080, 1450, 1200, 1701, 1368, 1810, 1512, 2125, 1680, 2160, 1848, 2520, 2025, 2650, 2210, 3069, 2353, 3125, 2610, 3528, 2810, 3645, 3000, 4080, 3258, 4200, 3480, 4725, 3722, 4810, 3888, 5461, 4200, 5400, 4488, 6090, 4770, 6000, 5040, 6885, 5328, 6840, 5625, 7602, 5760, 7560, 6242, 8525, 6561, 8400, 6890, 9072, 7250, 9240, 7560, 10200, 7920, 10125, 8064, 11130, 8658, 11050, 9050, 12285, 9408, 11765, 9720, 13125],15.3.d.E.a

15.d,14,3,100,1,[[[-8, []], [1, []], [5, []], [1, []], [21, []], [1, []], [5, []], [-48, []], [85, []], [1, []], [5, []], [-120, []], [21, []], [-168, []], [-240, []], [1, []], [341, []], [290, []], [5, []], [362, []], [21, []], [-48, []], [-600, []], [530, []], [85, []], [1, []], [-840, []], [1, []], [-1008, []], [-840, []], [5, []], [962, []], [1365, []], [-120, []], [1450, []], [-48, []], [21, []], [-1368, []], [1810, []], [-168, []], [85, []], [-1680, []], [-240, []], [-1848, []], [-2520, []], [1, []], [2650, []], [2210, []], [341, []], [2353, []], [5, []], [290, []], [-3528, []], [2810, []], [5, []], [-120, []], [-4080, []], [362, []], [-4200, []], [-3480, []], [21, []], [3722, []], [4810, []], [-48, []], [5461, []], [-168, []], [-600, []], [-4488, []], [6090, []], [530, []], [-240, []], [-5040, []], [85, []], [-5328, []], [-6840, []], [1, []], [7602, []], [5760, []], [-840, []], [6242, []], [341, []], [1, []], [-8400, []], [6890, []], [-1008, []], [290, []], [-9240, []], [-840, []], [-10200, []], [-7920, []], [5, []], [8064, []], [11130, []], [962, []], [11050, []], [362, []], [1365, []], [-9408, []], [11765, []], [-120, []], [21, []]]],[-8, 1, 5, 1, 21, 1, 5, -48, 85, 1, 5, -120, 21, -168, -240, 1, 341, 290, 5, 362, 21, -48, -600, 530, 85, 1, -840, 1, -1008, -840, 5, 962, 1365, -120, 1450, -48, 21, -1368, 1810, -168, 85, -1680, -240, -1848, -2520, 1, 2650, 2210, 341, 2353, 5, 290, -3528, 2810, 5, -120, -4080, 362, -4200, -3480, 21, 3722, 4810, -48, 5461, -168, -600, -4488, 6090, 530, -240, -5040, 85, -5328, -6840, 1, 7602, 5760, -840, 6242, 341, 1, -8400, 6890, -1008, 290, -9240, -840, -10200, -7920, 5, 8064, 11130, 962, 11050, 362, 1365, -9408, 11765, -120, 21],15.3.d.E.b

15.d,14,3,100,1,[[[0, []], [1, []], [-5, []], [-9, []], [21, []], [-1, []], [45, []], [-48, []], [-85, []], [81, []], [5, []], [120, []], [-189, []], [-168, []], [240, []], [9, []], [341, []], [-290, []], [-405, []], [362, []], [-21, []], [432, []], [-600, []], [-530, []], [765, []], [1, []], [840, []], [-729, []], [-1008, []], [840, []], [-45, []], [962, []], [-1365, []], [-1080, []], [1450, []], [48, []], [1701, []], [-1368, []], [-1810, []], [1512, []], [85, []], [1680, []], [-2160, []], [-1848, []], [2520, []], [-81, []], [2650, []], [-2210, []], [-3069, []], [2353, []], [-5, []], [2610, []], [-3528, []], [-2810, []], [3645, []], [-120, []], [4080, []], [-3258, []], [-4200, []], [3480, []], [189, []], [3722, []], [-4810, []], [-3888, []], [5461, []], [168, []], [5400, []], [-4488, []], [-6090, []], [4770, []], [-240, []], [5040, []], [-6885, []], [-5328, []], [6840, []], [-9, []], [7602, []], [-5760, []], [-7560, []], [6242, []], [-341, []], [6561, []], [-8400, []], [-6890, []], [9072, []], [290, []], [9240, []], [-7560, []], [-10200, []], [7920, []], [405, []], [8064, []], [-11130, []], [-8658, []], [11050, []], [-362, []], [12285, []], [-9408, []], [-11765, []], [9720, []], [21, []]]],[0, 1, -5, -9, 21, -1, 45, -48, -85, 81, 5, 120, -189, -168, 240, 9, 341, -290, -405, 362, -21, 432, -600, -530, 765, 1, 840, -729, -1008, 840, -45, 962, -1365, -1080, 1450, 48, 1701, -1368, -1810, 1512, 85, 1680, -2160, -1848, 2520, -81, 2650, -2210, -3069, 2353, -5, 2610, -3528, -2810, 3645, -120, 4080, -3258, -4200, 3480, 189, 3722, -4810, -3888, 5461, 168, 5400, -4488, -6090, 4770, -240, 5040, -6885, -5328, 6840, -9, 7602, -5760, -7560, 6242, -341, 6561, -8400, -6890, 9072, 290, 9240, -7560, -10200, 7920, 405, 8064, -11130, -8658, 11050, -362, 12285, -9408, -11765, 9720, 21],15.3.d.E.c

15.d,14,3,100,1,[[[0, []], [1, []], [-5, []], [-1, []], [21, []], [-25, []], [5, []], [48, []], [-85, []], [1, []], [125, []], [-120, []], [-21, []], [168, []], [-240, []], [25, []], [341, []], [-290, []], [-5, []], [362, []], [-525, []], [-48, []], [600, []], [-530, []], [85, []], [625, []], [-840, []], [-1, []], [1008, []], [-840, []], [-125, []], [962, []], [-1365, []], [120, []], [1450, []], [-1200, []], [21, []], [1368, []], [-1810, []], [-168, []], [2125, []], [-1680, []], [240, []], [1848, []], [-2520, []], [-25, []], [2650, []], [-2210, []], [-341, []], [2353, []], [-3125, []], [290, []], [3528, []], [-2810, []], [5, []], [3000, []], [-4080, []], [-362, []], [4200, []], [-3480, []], [525, []], [3722, []], [-4810, []], [48, []], [5461, []], [-4200, []], [-600, []], [4488, []], [-6090, []], [530, []], [6000, []], [-5040, []], [-85, []], [5328, []], [-6840, []], [-625, []], [7602, []], [-5760, []], [840, []], [6242, []], [-8525, []], [1, []], [8400, []], [-6890, []], [-1008, []], [7250, []], [-9240, []], [840, []], [10200, []], [-7920, []], [125, []], [8064, []], [-11130, []], [-962, []], [11050, []], [-9050, []], [1365, []], [9408, []], [-11765, []], [-120, []], [13125, []]]],[0, 1, -5, -1, 21, -25, 5, 48, -85, 1, 125, -120, -21, 168, -240, 25, 341, -290, -5, 362, -525, -48, 600, -530, 85, 625, -840, -1, 1008, -840, -125, 962, -1365, 120, 1450, -1200, 21, 1368, -1810, -168, 2125, -1680, 240, 1848, -2520, -25, 2650, -2210, -341, 2353, -3125, 290, 3528, -2810, 5, 3000, -4080, -362, 4200, -3480, 525, 3722, -4810, 48, 5461, -4200, -600, 4488, -6090, 530, 6000, -5040, -85, 5328, -6840, -625, 7602, -5760, 840, 6242, -8525, 1, 8400, -6890, -1008, 7250, -9240, 840, 10200, -7920, 125, 8064, -11130, -962, 11050, -9050, 1365, 9408, -11765, -120, 13125],15.3.d.E.d

16.f,3,3,100,4,[[[0, [0]], [1, [0]], [4, [0]], [9, [-1]], [16, [0]], [25, [-1]], [36, [-4]], [50, [0]], [64, [0]], [80, [-9]], [100, [-4]], [121, [1]], [144, [-16]], [169, [1]], [200, [0]], [224, [-34]], [256, [0]], [290, [0]], [320, [-36]], [361, [-1]], [400, [-16]], [450, [-50]], [484, [4]], [530, [0]], [576, [-64]], [624, [-25]], [676, [4]], [720, [-80]], [800, [0]], [841, [1]], [896, [-136]], [960, [0]], [1024, [0]], [1090, [-112]], [1160, [0]], [1250, [-50]], [1280, [-144]], [1369, [-1]], [1444, [-4]], [1522, [-160]], [1600, [-64]], [1680, [0]], [1800, [-200]], [1849, [1]], [1936, [16]], [1991, [-305]], [2120, [0]], [2208, [0]], [2304, [-256]], [2451, [0]], [2496, [-100]], [2610, [-290]], [2704, [16]], [2809, [-1]], [2880, [-320]], [3026, [-96]], [3200, [0]], [3248, [-370]], [3364, [4]], [3481, [1]], [3584, [-544]], [3721, [1]], [3840, [0]], [4000, [-450]], [4096, [0]], [4226, [-144]], [4360, [-448]], [4489, [-1]], [4640, [0]], [4770, [-530]], [5000, [-200]], [5042, [0]], [5120, [-576]], [5328, [0]], [5476, [-4]], [5591, [-849]], [5776, [-16]], [6050, [50]], [6088, [-640]], [6240, [0]], [6400, [-256]], [6481, [-720]], [6720, [0]], [6889, [-1]], [7200, [-800]], [7250, [-290]], [7396, [4]], [7570, [-832]], [7744, [64]], [7920, [0]], [7964, [-1220]], [8450, [50]], [8480, [0]], [8640, [-960]], [8832, [0]], [9024, [-386]], [9216, [-1024]], [9410, [0]], [9804, [0]], [9689, [-1009]], [9984, [-400]]]],[0, 2, 8, 18, 32, 50, 72, 100, 128, 160, 200, 242, 288, 338, 400, 448, 512, 580, 640, 722, 800, 900, 968, 1060, 1152, 1248, 1352, 1440, 1600, 1682, 1792, 1920, 2048, 2180, 2320, 2500, 2560, 2738, 2888, 3044, 3200, 3360, 3600, 3698, 3872, 3982, 4240, 4416, 4608, 4902, 4992, 5220, 5408, 5618, 5760, 6052, 6400, 6496, 6728, 6962, 7168, 7442, 7680, 8000, 8192, 8452, 8720, 8978, 9280, 9540, 10000, 10084, 10240, 10656, 10952, 11182, 11552, 12100, 12176, 12480, 12800, 12962, 13440, 13778, 14400, 14500, 14792, 15140, 15488, 15840, 15928, 16900, 16960, 17280, 17664, 18048, 18432, 18820, 19608, 19378, 19968],16.3.f.E.a

16.f,3,3,100,4,[[[-7/2, [15/2]], [1, [0]], [1, [0]], [1, [-9]], [1, [0]], [1, [-25]], [1, [-9]], [50, [0]], [1, [0]], [-80, [-9]], [1, [-25]], [1, [121]], [1, [-9]], [1, [169]], [50, [0]], [-224, [-34]], [1, [0]], [290, [0]], [-80, [-9]], [1, [-361]], [1, [-25]], [50, [-450]], [1, [121]], [530, [0]], [1, [-9]], [-624, [-25]], [1, [169]], [-80, [720]], [50, [0]], [1, [841]], [-224, [-34]], [-960, [0]], [1, [0]], [1090, [112]], [290, [0]], [50, [-1250]], [-80, [-9]], [1, [-1369]], [1, [-361]], [1522, [160]], [1, [-25]], [-1680, [0]], [50, [-450]], [1, [1849]], [1, [121]], [-305, [1991]], [530, [0]], [-2208, [0]], [1, [-9]], [2451, [0]], [-624, [-25]], [290, [-2610]], [1, [169]], [1, [-2809]], [-80, [720]], [3026, [96]], [50, [0]], [-3248, [-370]], [1, [841]], [1, [3481]], [-224, [-34]], [1, [3721]], [-960, [0]], [-4000, [-450]], [1, [0]], [4226, [144]], [1090, [112]], [1, [-4489]], [290, [0]], [530, [-4770]], [50, [-1250]], [5042, [0]], [-80, [-9]], [-5328, [0]], [1, [-1369]], [-849, [5591]], [1, [-361]], [50, [6050]], [1522, [160]], [-6240, [0]], [1, [-25]], [6481, [720]], [-1680, [0]], [1, [-6889]], [50, [-450]], [290, [-7250]], [1, [1849]], [7570, [832]], [1, [121]], [-7920, [0]], [-305, [1991]], [50, [8450]], [530, [0]], [-960, [8640]], [-2208, [0]], [-9024, [-386]], [1, [-9]], [9410, [0]], [2451, [0]], [1009, [-9689]], [-624, [-25]]]],[-7, 2, 2, 2, 2, 2, 2, 100, 2, -160, 2, 2, 2, 2, 100, -448, 2, 580, -160, 2, 2, 100, 2, 1060, 2, -1248, 2, -160, 100, 2, -448, -1920, 2, 2180, 580, 100, -160, 2, 2, 3044, 2, -3360, 100, 2, 2, -610, 1060, -4416, 2, 4902, -1248, 580, 2, 2, -160, 6052, 100, -6496, 2, 2, -448, 2, -1920, -8000, 2, 8452, 2180, 2, 580, 1060, 100, 10084, -160, -10656, 2, -1698, 2, 100, 3044, -12480, 2, 12962, -3360, 2, 100, 580, 2, 15140, 2, -15840, -610, 100, 1060, -1920, -4416, -18048, 2, 18820, 4902, 2018, -1248],16.3.f.E.b

17.e,3,3,100,16,[[[0, [0, 0, 0, 0, 0, 0, 0]], [1, [0, 0, 0, 0, 0, 0, 0]], [4, [0, 0, 0, 0, 0, -1, 0]], [9, [1, 0, 0, 0, 0, 0, 0]], [16, [0, 0, 0, -1, 0, -4, 0]], [25, [0, 0, 0, 0, 1, 0, 0]], [36, [4, 0, 0, 0, 0, -9, -1]], [49, [0, 0, -1, 0, 0, 0, 0]], [64, [0, -1, 0, -4, 0, -16, 0]], [81, [9, 1, 0, 0, 0, 0, 0]], [100, [0, 0, 1, 0, 4, -25, 0]], [121, [0, 0, 0, 0, 0, 0, 1]], [144, [16, 0, 0, -9, -1, -36, -4]], [169, [0, 0, 0, 1, 0, 0, 0]], [196, [-1, 0, -4, 0, 0, -49, 0]], [225, [25, 0, 0, 0, 9, 1, 0]], [255, [0, -4, 0, -16, 0, -64, 0]], [289, [0, 0, 0, 0, 0, 0, 0]], [325, [36, 4, 0, 0, 0, -81, -9]], [361, [0, 0, 0, 0, 0, -1, 0]], [400, [1, 0, 4, -25, 16, -100, 0]], [441, [49, 0, -9, -1, 0, 0, 0]], [484, [0, 0, 0, 0, 1, -121, 4]], [529, [0, 0, 0, 0, 0, 0, -1]], [576, [64, -9, -1, -36, -4, -144, -16]], [625, [0, -1, 0, 0, 25, 0, 0]], [676, [0, 1, 0, 4, 0, -169, 0]], [729, [81, 9, 1, 0, 0, 0, 0]], [784, [-4, 0, -16, -49, 0, -196, 1]], [841, [0, 0, 0, 0, -1, 0, 0]], [900, [100, 0, 9, 1, 36, -221, -25]], [961, [-1, 0, 0, 0, 0, 0, 0]], [1020, [0, -16, 0, -64, 0, -255, 0]], [1088, [121, 0, 0, 0, 0, 0, 9]], [1156, [0, 0, 0, 0, 0, -289, 0]], [1226, [0, 0, -25, 0, 49, 0, 0]], [1300, [144, 16, 0, -81, -9, -325, -36]], [1369, [1, 0, 0, 0, 0, 0, 0]], [1444, [0, 0, 0, -1, 0, -365, 0]], [1521, [169, 0, 0, 9, 1, 0, 0]], [1600, [4, -25, 16, -100, 64, -400, -1]], [1681, [0, 0, -1, 0, 0, 0, 0]], [1764, [187, -1, -36, -4, 0, -441, -49]], [1849, [0, 1, 0, 0, 0, 0, 0]], [1936, [0, 0, 1, -121, 4, -484, 16]], [2025, [225, 25, 0, 0, 81, 9, 1]], [2116, [0, 0, 0, 0, -1, -529, -4]], [2209, [0, 0, 0, 1, 0, 0, 0]], [2295, [255, -36, -4, -144, -16, -576, -64]], [2401, [0, 0, -49, 0, 0, 1, 0]], [2499, [0, -4, 25, 0, 100, -625, 0]], [2601, [289, 0, 0, 0, 0, 0, 0]], [2705, [0, 4, 0, -153, 0, -676, 0]], [2809, [0, 0, 0, 0, 0, -1, 0]], [2925, [325, 36, 4, 0, 0, -729, -81]], [3025, [0, 0, 0, -1, 121, 0, 25]], [3136, [-16, -49, -64, -196, 1, -784, 4]], [3249, [361, 0, 0, 0, 0, -9, -1]], [3364, [0, 0, -1, 0, -4, -841, 0]], [3481, [0, -1, 0, 0, 0, 0, 0]], [3600, [409, 1, 36, -221, 119, -884, -100]], [3721, [0, 0, 1, 0, 0, 0, 0]], [3844, [-4, 0, 0, 0, 0, -961, 1]], [3969, [441, 49, -81, -9, -1, 0, 0]], [4080, [0, -64, 0, -255, 0, -1020, 0]], [4225, [-1, 0, 0, 25, 169, 0, 0]], [4352, [484, 0, 0, 0, 9, -1088, -85]], [4488, [0, 0, 0, 0, 0, 0, 0]], [4624, [0, 0, 0, -289, 0, -1156, 0]], [4762, [529, 0, 0, 0, 0, 0, -9]], [4904, [-25, 0, -51, 0, 196, -1226, 0]], [5041, [1, 0, 0, 0, 0, 0, 0]], [5200, [576, -17, -9, -325, -36, -1300, -144]], [5329, [0, 0, 0, 0, 1, 0, 0]], [5476, [4, 0, 0, 0, 0, -1369, -1]], [5625, [625, -9, -1, 0, 225, 25, 0]], [5776, [0, -1, 0, -365, 0, -1460, 0]], [5929, [0, 1, -121, 0, 0, 0, 49]], [6084, [676, 9, 1, 36, 4, -1521, -169]], [6241, [0, 0, 0, 0, 0, 0, 1]], [6375, [16, -100, 64, -400, 255, -1600, -4]], [6561, [729, 81, 9, 1, 0, 0, 0]], [6724, [-1, 0, -4, 0, 0, -1681, 0]], [6889, [0, 0, 0, 0, 0, 1, 0]], [7055, [748, -4, -144, -457, -49, -1764, -187]], [7225, [0, 0, 0, 0, 289, 0, 0]], [7397, [0, 4, 0, 0, 0, -1849, 0]], [7569, [841, 0, 0, 0, -9, -1, 0]], [7744, [1, -121, 4, -484, 16, -1936, 64]], [7921, [0, 0, 0, -1, 0, 0, 0]], [8125, [900, 100, 81, 9, 325, -1989, -221]], [8281, [0, 0, -169, 49, 0, 0, -1]], [8464, [0, 0, -1, -529, -4, -2116, -16]], [8649, [952, -1, 0, 0, 0, 0, 0]], [8836, [0, 1, 0, 4, 0, -2209, 0]], [9025, [0, 0, 1, 0, 361, -25, 0]], [9180, [1020, -144, -16, -576, -64, -2295, -255]], [9409, [0, 0, 0, 0, -1, 0, 0]], [9604, [-49, 0, -196, 1, 0, -2397, 0]], [9792, [1088, 121, 0, 0, 0, 0, 81]], [9996, [25, -16, 100, -625, 400, -2499, 0]]]],[0, 8, 32, 72, 128, 200, 288, 392, 512, 648, 800, 968, 1152, 1352, 1568, 1800, 2040, 2312, 2600, 2888, 3200, 3528, 3872, 4232, 4608, 5000, 5408, 5832, 6272, 6728, 7200, 7688, 8160, 8704, 9248, 9808, 10400, 10952, 11552, 12168, 12800, 13448, 14112, 14792, 15488, 16200, 16928, 17672, 18360, 19208, 19992, 20808, 21640, 22472, 23400, 24200, 25088, 25992, 26912, 27848, 28800, 29768, 30752, 31752, 32640, 33800, 34816, 35904, 36992, 38096, 39232, 40328, 41600, 42632, 43808, 45000, 46208, 47432, 48672, 49928, 51000, 52488, 53792, 55112, 56440, 57800, 59176, 60552, 61952, 63368, 65000, 66248, 67712, 69192, 70688, 72200, 73440, 75272, 76832, 78336, 79968],17.3.e.E.a

17.e,3,3,100,16,[[[-40/17, [-77/17, 12/17, 35/17, 78/17, -70/17, 65/17, 55/17]], [1, [0, 0, 0, 0, 0, 0, 0]], [1, [0, 0, 0, 0, 0, -4, 0]], [1, [9, 0, 0, 0, 0, 0, 0]], [1, [0, 0, 0, -16, 0, -4, 0]], [1, [0, 0, 0, 0, 25, 0, 0]], [1, [9, 0, 0, 0, 0, -4, -36]], [1, [0, 0, -49, 0, 0, 0, 0]], [1, [0, -64, 0, -16, 0, -4, 0]], [1, [9, 81, 0, 0, 0, 0, 0]], [1, [0, 0, 100, 0, 25, -4, 0]], [1, [0, 0, 0, 0, 0, 0, 121]], [1, [9, 0, 0, -16, -144, -4, -36]], [1, [0, 0, 0, 169, 0, 0, 0]], [1, [-196, 0, -49, 0, 0, -4, 0]], [1, [9, 0, 0, 0, 25, 225, 0]], [-255, [0, -64, 0, -16, 0, -4, 0]], [1, [0, 0, 0, 0, 0, 0, 0]], [325, [9, 81, 0, 0, 0, -4, -36]], [1, [0, 0, 0, 0, 0, -361, 0]], [1, [400, 0, 100, -16, 25, -4, 0]], [1, [9, 0, -49, -441, 0, 0, 0]], [1, [0, 0, 0, 0, 484, -4, 121]], [1, [0, 0, 0, 0, 0, 0, -529]], [1, [9, -64, -576, -16, -144, -4, -36]], [1, [0, -625, 0, 0, 25, 0, 0]], [1, [0, 676, 0, 169, 0, -4, 0]], [1, [9, 81, 729, 0, 0, 0, 0]], [1, [-196, 0, -49, -16, 0, -4, 784]], [1, [0, 0, 0, 0, -841, 0, 0]], [1, [9, 0, 100, 900, 25, 221, -36]], [1, [-961, 0, 0, 0, 0, 0, 0]], [-255, [0, -64, 0, -16, 0, 1020, 0]], [-1088, [9, 0, 0, 0, 0, 0, 121]], [1, [0, 0, 0, 0, 0, -4, 0]], [1226, [0, 0, -49, 0, 25, 0, 0]], [325, [9, 81, 0, -16, -144, -1300, -36]], [1, [1369, 0, 0, 0, 0, 0, 0]], [1, [0, 0, 0, -1444, 0, -365, 0]], [1, [9, 0, 0, 169, 1521, 0, 0]], [1, [400, -64, 100, -16, 25, -4, -1600]], [1, [0, 0, -1681, 0, 0, 0, 0]], [1, [-187, -1764, -49, -441, 0, -4, -36]], [1, [0, 1849, 0, 0, 0, 0, 0]], [1, [0, 0, 1936, -16, 484, -4, 121]], [1, [9, 81, 0, 0, 25, 225, 2025]], [1, [0, 0, 0, 0, -2116, -4, -529]], [1, [0, 0, 0, 2209, 0, 0, 0]], [-255, [-2295, -64, -576, -16, -144, -4, -36]], [1, [0, 0, -49, 0, 0, 2401, 0]], [-2499, [0, -625, 100, 0, 25, -4, 0]], [1, [9, 0, 0, 0, 0, 0, 0]], [2705, [0, 676, 0, 153, 0, -4, 0]], [1, [0, 0, 0, 0, 0, -2809, 0]], [325, [2925, 81, 729, 0, 0, -4, -36]], [1, [0, 0, 0, -3025, 25, 0, 121]], [1, [-196, -64, -49, -16, 3136, -4, 784]], [1, [9, 0, 0, 0, 0, -361, -3249]], [1, [0, 0, -3364, 0, -841, -4, 0]], [1, [0, -3481, 0, 0, 0, 0, 0]], [1, [409, 3600, 100, 884, -119, 221, -36]], [1, [0, 0, 3721, 0, 0, 0, 0]], [1, [-961, 0, 0, 0, 0, -4, 3844]], [1, [9, 81, -49, -441, -3969, 0, 0]], [-255, [0, -64, 0, 4080, 0, 1020, 0]], [1, [-4225, 0, 0, 169, 25, 0, 0]], [-1088, [9, 0, 0, 0, 484, 4352, 85]], [-4488, [0, 0, 0, 0, 0, 0, 0]], [1, [0, 0, 0, -16, 0, -4, 0]], [4762, [9, 0, 0, 0, 0, 0, -529]], [1226, [-196, 0, 51, 0, 25, -4904, 0]], [1, [5041, 0, 0, 0, 0, 0, 0]], [325, [9, 17, -576, -5200, -144, -1300, -36]], [1, [0, 0, 0, 0, 5329, 0, 0]], [1, [1369, 0, 0, 0, 0, -4, -5476]], [1, [9, -625, -5625, 0, 25, 225, 0]], [1, [0, -5776, 0, -1460, 0, -365, 0]], [1, [0, 5929, -49, 0, 0, 0, 121]], [1, [9, 676, 6084, 169, 1521, -4, -36]], [1, [0, 0, 0, 0, 0, 0, 6241]], [-255, [400, -64, 100, -16, -6375, -4, -1600]], [1, [9, 81, 729, 6561, 0, 0, 0]], [1, [-6724, 0, -1681, 0, 0, -4, 0]], [1, [0, 0, 0, 0, 0, 6889, 0]], [-7055, [-187, -1764, -49, -457, -144, -4, 748]], [1, [0, 0, 0, 0, 25, 0, 0]], [7397, [0, 1849, 0, 0, 0, -4, 0]], [1, [9, 0, 0, 0, -841, -7569, 0]], [1, [7744, -64, 1936, -16, 484, -4, 121]], [1, [0, 0, 0, -7921, 0, 0, 0]], [325, [9, 81, 100, 900, 8125, 221, 1989]], [1, [0, 0, -49, 169, 0, 0, -8281]], [1, [0, 0, -8464, -16, -2116, -4, -529]], [1, [-952, -8649, 0, 0, 0, 0, 0]], [1, [0, 8836, 0, 2209, 0, -4, 0]], [1, [0, 0, 9025, 0, 25, -361, 0]], [-255, [-2295, -64, -576, -16, -144, 1020, 9180]], [1, [0, 0, 0, 0, -9409, 0, 0]], [1, [-196, 0, -49, 9604, 0, 2397, 0]], [-1088, [-9792, 81, 0, 0, 0, 0, 121]], [-2499, [400, -625, 100, -16, 25, 9996, 0]]]],[-320/17, 8, 8, 8, 8, 8, 8, 8, 8, 8, 8, 8, 8, 8, 8, 8, -2040, 8, 2600, 8, 8, 8, 8, 8, 8, 8, 8, 8, 8, 8, 8, 8, -2040, -8704, 8, 9808, 2600, 8, 8, 8, 8, 8, 8, 8, 8, 8, 8, 8, -2040, 8, -19992, 8, 21640, 8, 2600, 8, 8, 8, 8, 8, 8, 8, 8, 8, -2040, 8, -8704, -35904, 8, 38096, 9808, 8, 2600, 8, 8, 8, 8, 8, 8, 8, -2040, 8, 8, 8, -56440, 8, 59176, 8, 8, 8, 2600, 8, 8, 8, 8, 8, -2040, 8, 8, -8704, -19992],17.3.e.E.b

19.b,18,3,100,1,[[[0, []], [1, []], [3, []], [8, []], [13, []], [26, []], [24, []], [50, []], [51, []], [73, []], [78, []], [122, []], [104, []], [168, []], [150, []], [208, []], [205, []], [290, []], [219, []], [361, []], [338, []], [400, []], [366, []], [530, []], [408, []], [651, []], [504, []], [656, []], [650, []], [840, []], [624, []], [960, []], [819, []], [976, []], [870, []], [1300, []], [949, []], [1368, []], [1083, []], [1344, []], [1326, []], [1680, []], [1200, []], [1850, []], [1586, []], [1898, []], [1590, []], [2210, []], [1640, []], [2451, []], [1953, []], [2320, []], [2184, []], [2808, []], [1968, []], [3172, []], [2550, []], [2888, []], [2520, []], [3480, []], [2704, []], [3722, []], [2880, []], [3650, []], [3277, []], [4368, []], [2928, []], [4488, []], [3770, []], [4240, []], [3900, []], [5040, []], [3723, []], [5330, []], [4104, []], [5208, []], [4693, []], [6100, []], [4032, []], [6240, []], [5330, []], [5905, []], [5040, []], [6890, []], [5200, []], [7540, []], [5550, []], [6720, []], [6222, []], [7920, []], [5694, []], [8400, []], [6890, []], [7680, []], [6630, []], [9386, []], [6552, []], [9408, []], [7353, []], [8906, []], [8463, []]]],[0, 1, 3, 8, 13, 26, 24, 50, 51, 73, 78, 122, 104, 168, 150, 208, 205, 290, 219, 361, 338, 400, 366, 530, 408, 651, 504, 656, 650, 840, 624, 960, 819, 976, 870, 1300, 949, 1368, 1083, 1344, 1326, 1680, 1200, 1850, 1586, 1898, 1590, 2210, 1640, 2451, 1953, 2320, 2184, 2808, 1968, 3172, 2550, 2888, 2520, 3480, 2704, 3722, 2880, 3650, 3277, 4368, 2928, 4488, 3770, 4240, 3900, 5040, 3723, 5330, 4104, 5208, 4693, 6100, 4032, 6240, 5330, 5905, 5040, 6890, 5200, 7540, 5550, 6720, 6222, 7920, 5694, 8400, 6890, 7680, 6630, 9386, 6552, 9408, 7353, 8906, 8463],19.3.b.E.a

19.b,18,3,100,1,[[[-11, []], [1, []], [-3, []], [-8, []], [13, []], [26, []], [24, []], [50, []], [-51, []], [73, []], [-78, []], [122, []], [-104, []], [-168, []], [-150, []], [-208, []], [205, []], [290, []], [-219, []], [1, []], [338, []], [-400, []], [-366, []], [530, []], [408, []], [651, []], [504, []], [-656, []], [650, []], [-840, []], [624, []], [-960, []], [-819, []], [-976, []], [-870, []], [1300, []], [949, []], [-1368, []], [-3, []], [1344, []], [-1326, []], [-1680, []], [1200, []], [1850, []], [1586, []], [1898, []], [-1590, []], [2210, []], [-1640, []], [2451, []], [-1953, []], [-2320, []], [-2184, []], [-2808, []], [1968, []], [3172, []], [-2550, []], [-8, []], [2520, []], [-3480, []], [-2704, []], [3722, []], [2880, []], [3650, []], [3277, []], [-4368, []], [2928, []], [-4488, []], [3770, []], [-4240, []], [-3900, []], [-5040, []], [-3723, []], [5330, []], [4104, []], [-5208, []], [13, []], [6100, []], [-4032, []], [-6240, []], [5330, []], [5905, []], [5040, []], [6890, []], [-5200, []], [7540, []], [-5550, []], [6720, []], [-6222, []], [-7920, []], [-5694, []], [-8400, []], [6890, []], [7680, []], [-6630, []], [26, []], [6552, []], [-9408, []], [-7353, []], [8906, []], [8463, []]]],[-11, 1, -3, -8, 13, 26, 24, 50, -51, 73, -78, 122, -104, -168, -150, -208, 205, 290, -219, 1, 338, -400, -366, 530, 408, 651, 504, -656, 650, -840, 624, -960, -819, -976, -870, 1300, 949, -1368, -3, 1344, -1326, -1680, 1200, 1850, 1586, 1898, -1590, 2210, -1640, 2451, -1953, -2320, -2184, -2808, 1968, 3172, -2550, -8, 2520, -3480, -2704, 3722, 2880, 3650, 3277, -4368, 2928, -4488, 3770, -4240, -3900, -5040, -3723, 5330, 4104, -5208, 13, 6100, -4032, -6240, 5330, 5905, 5040, 6890, -5200, 7540, -5550, 6720, -6222, -7920, -5694, -8400, 6890, 7680, -6630, 26, 6552, -9408, -7353, 8906, 8463],19.3.b.E.b

19.d,8,3,100,3,[[[0, [0]], [1, [0]], [4, [1]], [9, [1]], [15, [5]], [25, [-1]], [35, [14]], [50, [0]], [59, [20]], [80, [10]], [101, [20]], [122, [0]], [130, [65]], [170, [-1]], [200, [50]], [226, [15]], [236, [79]], [289, [-1]], [310, [130]], [361, [0]], [380, [105]], [450, [50]], [488, [122]], [528, [1]], [511, [259]], [624, [-24]], [681, [165]], [719, [90]], [750, [250]], [842, [-1]], [889, [301]], [960, [0]], [945, [315]], [1098, [122]], [1157, [284]], [1250, [-50]], [1150, [600]], [1368, [0]], [1444, [361]], [1531, [160]], [1495, [421]], [1681, [1]], [1750, [700]], [1849, [-1]], [1830, [610]], [2010, [160]], [2111, [533]], [2208, [1]], [2045, [1026]], [2451, [0]], [2520, [504]], [2602, [279]], [2555, [830]], [2810, [-1]], [2786, [1169]], [3050, [-122]], [2950, [1000]], [3249, [361]], [3369, [837]], [3481, [1]], [3315, [1430]], [3720, [1]], [3840, [960]], [4000, [500]], [3781, [1260]], [4249, [-194]], [4270, [1708]], [4490, [-1]], [4340, [1425]], [4751, [538]], [5050, [1000]], [5041, [1]], [4520, [2390]], [5329, [-1]], [5472, [1368]], [5640, [384]], [5415, [1805]], [6100, [0]], [5964, [2331]], [6241, [1]], [5979, [1660]], [6471, [809]], [6723, [1686]], [6890, [0]], [6500, [3250]], [7224, [-313]], [7397, [1844]], [7579, [832]], [7198, [2440]], [7922, [-1]], [7880, [2810]], [8500, [-50]], [7915, [2660]], [8640, [960]], [8831, [2213]], [9025, [-361]], [8190, [4095]], [9409, [1]], [9804, [2451]], [9760, [1220]], [9480, [2640]]]],[0, 2, 9, 19, 35, 49, 84, 100, 138, 170, 222, 244, 325, 339, 450, 467, 551, 577, 750, 722, 865, 950, 1098, 1057, 1281, 1224, 1527, 1528, 1750, 1683, 2079, 1920, 2205, 2318, 2598, 2450, 2900, 2736, 3249, 3222, 3411, 3363, 4200, 3697, 4270, 4180, 4755, 4417, 5116, 4902, 5544, 5483, 5940, 5619, 6741, 5978, 6900, 6859, 7575, 6963, 8060, 7441, 8640, 8500, 8822, 8304, 10248, 8979, 10105, 10040, 11100, 10083, 11430, 10657, 12312, 11664, 12635, 12200, 14259, 12483, 13618, 13751, 15132, 13780, 16250, 14135, 16638, 15990, 16836, 15843, 18570, 16950, 18490, 18240, 19875, 17689, 20475, 18819, 22059, 20740, 21600],19.3.d.E.a

19.d,8,3,100,3,[[[139/19, [-300/19]], [1, [0]], [1, [4]], [1, [9]], [-15, [20]], [1, [-25]], [-35, [49]], [50, [0]], [-79, [20]], [-80, [90]], [101, [-121]], [122, [0]], [-195, [65]], [170, [-169]], [50, [200]], [226, [-241]], [-79, [-236]], [1, [-289]], [-440, [130]], [1, [0]], [485, [-105]], [50, [450]], [122, [488]], [-528, [529]], [-259, [-511]], [-624, [600]], [846, [-165]], [-809, [90]], [-750, [1000]], [842, [-841]], [1190, [-301]], [-960, [0]], [945, [-1260]], [122, [1098]], [1157, [-1441]], [50, [-1250]], [-600, [-1150]], [-1368, [0]], [1, [4]], [1691, [-160]], [421, [1495]], [1, [1681]], [-1750, [2450]], [1, [-1849]], [-1830, [2440]], [2170, [-160]], [-2644, [533]], [-2208, [2209]], [2045, [-3071]], [2451, [0]], [-3024, [504]], [2602, [-2881]], [830, [2555]], [2810, [-2809]], [-1169, [-2786]], [122, [-3050]], [-3950, [1000]], [1, [9]], [4206, [-837]], [1, [3481]], [1430, [3315]], [-3720, [3721]], [-960, [-3840]], [-4000, [4500]], [5041, [-1260]], [-4055, [-194]], [-4270, [5978]], [4490, [-4489]], [5765, [-1425]], [-5289, [538]], [5050, [-6050]], [1, [5041]], [4520, [-6910]], [1, [-5329]], [-1368, [-5472]], [-6024, [384]], [-15, [20]], [6100, [0]], [2331, [5964]], [1, [6241]], [-5979, [7639]], [-809, [-6471]], [-6723, [8409]], [6890, [0]], [-9750, [3250]], [-7224, [6911]], [7397, [-9241]], [8411, [-832]], [-9638, [2440]], [7922, [-7921]], [2810, [7880]], [8500, [-8450]], [-2660, [-7915]], [-960, [-8640]], [-11044, [2213]], [1, [-25]], [12285, [-4095]], [1, [9409]], [2451, [9804]], [-9760, [10980]], [-2640, [-9480]]]],[-22/19, 2, 6, 11, -10, -23, -21, 100, -138, -70, 81, 244, -325, 171, 300, 211, -394, -287, -750, 2, 865, 550, 732, -527, -1029, -648, 1527, -1528, -500, 843, 2079, -1920, 630, 1342, 873, -1150, -2350, -2736, 6, 3222, 2337, 1683, -1050, -1847, -1220, 4180, -4755, -2207, 1019, 4902, -5544, 2323, 4215, 2811, -5124, -2806, -6900, 11, 7575, 3483, 6175, -3719, -5760, -3500, 8822, -8304, -2562, 4491, 10105, -10040, 4050, 5043, 2130, -5327, -8208, -11664, -10, 12200, 10626, 6243, -4319, -8089, -5037, 13780, -16250, -7537, 5553, 15990, -16836, 7923, 13500, 8550, -13235, -10560, -19875, -23, 20475, 9411, 14706, -8540, -14760],19.3.d.E.b

19.f,2,3,100,9,[[[0, [0, 0, 0, 0, 0]], [1, [0, 0, 0, 0, 0]], [4, [1, 0, 0, 0, 0]], [9, [0, 0, 0, -1, 0]], [16, [4, 1, 0, 0, 0]], [25, [1, 0, 0, -1, 0]], [36, [9, 0, 0, -4, -1]], [48, [0, 0, 1, 0, 0]], [64, [16, 4, 1, 0, 0]], [81, [0, -1, 0, -9, 1]], [100, [29, 1, 0, -4, -1]], [121, [0, 0, -1, 0, 0]], [145, [36, 9, -1, -16, -4]], [169, [0, 0, 0, 0, 1]], [192, [48, 0, 4, 1, 0]], [225, [9, -1, 0, -34, 0]], [256, [64, 16, 4, 1, 0]], [289, [-1, 0, 0, 0, 0]], [323, [81, -4, 0, -36, -5]], [361, [0, 0, 0, 0, 0]], [401, [116, 29, 0, -16, -4]], [432, [1, 0, 9, -49, 0]], [484, [121, 0, -4, -1, 0]], [529, [0, 1, 0, 0, 0]], [580, [145, 36, 5, -65, -16]], [625, [25, 0, 0, -25, -1]], [675, [169, 0, 1, 0, 4]], [729, [0, -9, 1, -81, 9]], [768, [192, 48, 16, 4, 1]], [841, [0, 1, 0, 0, -1]], [900, [261, 5, -1, -136, -34]], [962, [0, 0, -1, 0, 0]], [1024, [256, 64, 16, 4, 1]], [1089, [-1, 0, -9, -120, 0]], [1156, [285, -1, 0, 0, 0]], [1200, [49, 0, 25, -48, 0]], [1301, [323, 65, -9, -144, -20]], [1368, [0, 0, 0, 0, 0]], [1444, [361, 0, 0, 0, 0]], [1522, [0, 0, 0, -169, 9]], [1604, [465, 116, 25, -64, -16]], [1681, [0, 0, 0, -1, 0]], [1728, [436, 1, 36, -187, -49]], [1849, [1, 0, 0, -1, 0]], [1936, [484, 121, -16, -4, -1]], [2024, [81, -34, 1, -306, 25]], [2116, [529, 4, 1, 0, 0]], [2209, [0, -1, 0, 0, 1]], [2320, [580, 145, 20, -251, -65]], [2352, [0, 0, 48, 0, 0]], [2501, [725, 25, -1, -100, -29]], [2601, [-9, 0, 0, -289, 1]], [2700, [675, 169, 4, 1, 16]], [2809, [0, -1, 0, 0, 0]], [2907, [729, -36, 4, -323, -45]], [3025, [120, 0, -25, -121, 0]], [3071, [768, 192, 113, 16, 4]], [3249, [0, 0, 0, -361, 0]], [3365, [841, 4, 0, 0, -4]], [3481, [1, 0, 0, 0, 0]], [3634, [1044, 245, -29, -545, -136]], [3721, [0, 1, 0, 0, 0]], [3848, [962, 0, -4, -1, 0]], [3888, [9, -49, 81, -441, 48]], [4095, [1024, 256, 65, 16, 4]], [4225, [169, 0, 1, -169, 25]], [4356, [1085, -1, -36, -489, -120]], [4489, [0, 1, 0, 0, -1]], [4624, [1140, 285, -1, 0, 0]], [4762, [0, 9, -1, -529, 0]], [4800, [1396, 49, 100, -167, -48]], [5041, [-1, 0, 0, 1, 0]], [5204, [1301, 259, 45, -585, -80]], [5329, [0, 0, 0, 1, 0]], [5472, [1368, 0, 0, 0, 0]], [5624, [225, -25, 0, -850, -9]], [5776, [1444, 361, 0, 0, 0]], [5809, [0, 0, 72, 0, 0]], [6079, [1522, 0, 9, -676, -133]], [6241, [0, 0, 0, -1, 0]], [6416, [1860, 465, 100, -231, -64]], [6561, [1, -81, 9, -730, 81]], [6724, [1681, 0, 0, -4, -1]], [6888, [0, 0, 1, 0, 0]], [6961, [1744, 436, 96, -748, -187]], [7225, [264, -1, 0, -289, 1]], [7396, [1853, 1, 0, -4, -1]], [7569, [0, 9, -1, -841, -9]], [7745, [1936, 484, 56, -16, -4]], [7921, [0, 0, 0, 0, 1]], [8071, [2348, -55, -5, -1223, -206]], [8112, [0, -1, 169, 0, 49]], [8464, [2116, 545, 4, 1, 0]], [8658, [-1, 0, -9, -961, 0]], [8835, [2209, -4, 0, 0, 4]], [9025, [361, 0, 0, -361, 0]], [9281, [2320, 580, 80, -1004, -251]], [9409, [1, 0, 0, 0, 0]], [9408, [2352, 0, 192, 48, 0]], [9801, [-9, -120, -81, -1080, 121]], [10029, [2901, 725, -4, -401, -116]]]],[0, 6, 24, 54, 96, 150, 216, 291, 387, 486, 600, 723, 867, 1014, 1164, 1350, 1548, 1734, 1938, 2166, 2406, 2619, 2892, 3174, 3495, 3750, 4053, 4377, 4656, 5046, 5397, 5769, 6192, 6507, 6936, 7275, 7779, 8208, 8664, 9132, 9699, 10086, 10476, 11094, 11568, 12147, 12699, 13254, 13980, 14256, 15003, 15606, 16212, 16854, 17454, 18075, 18765, 19494, 20190, 20886, 21717, 22326, 23076, 23571, 24765, 25353, 26028, 26934, 27741, 28569, 29100, 30246, 31359, 31974, 32832, 33744, 34656, 35070, 36501, 37446, 38796, 39393, 40344, 41331, 42054, 43350, 44376, 45411, 46638, 47526, 48411, 49179, 50796, 51921, 53010, 54150, 55926, 56454, 57024, 58563, 60162],19.3.f.E.a

19.f,2,3,100,9,[[[1, [-10, -5, -6, 11, 4]], [1, [0, 0, 0, 0, 0]], [1, [4, 0, 0, 0, 0]], [1, [0, 0, 0, -9, 0]], [1, [4, 16, 0, 0, 0]], [1, [25, 0, 0, -25, 0]], [1, [4, 0, 0, -9, -36]], [-48, [0, 0, 49, 0, 0]], [1, [4, 16, 64, 0, 0]], [1, [0, -81, 0, -9, 81]], [1, [29, 100, 0, -25, -100]], [1, [0, 0, -121, 0, 0]], [145, [4, 16, -144, -9, -36]], [1, [0, 0, 0, 0, 169]], [-48, [-192, 0, 49, 196, 0]], [1, [25, -225, 0, -34, 0]], [1, [4, 16, 64, 256, 0]], [1, [-289, 0, 0, 0, 0]], [-323, [4, -81, 0, -9, 45]], [1, [0, 0, 0, 0, 0]], [401, [29, 116, 0, -25, -100]], [-48, [441, 0, 49, -9, 0]], [1, [4, 0, -121, -484, 0]], [1, [0, 529, 0, 0, 0]], [145, [580, 16, -80, -585, -36]], [1, [25, 0, 0, -25, -625]], [-675, [4, 0, 676, 0, 169]], [1, [0, -81, 729, -9, 81]], [-48, [-192, -768, 49, 196, 784]], [1, [0, 841, 0, 0, -841]], [1, [29, -125, -900, -34, -136]], [962, [0, 0, -961, 0, 0]], [1, [4, 16, 64, 256, 1024]], [1, [-1089, 0, -121, 1080, 0]], [1, [-285, -1156, 0, 0, 0]], [-48, [25, 0, 49, 1200, 0]], [-179, [-1292, -65, -144, -9, 45]], [-1368, [0, 0, 0, 0, 0]], [1, [4, 0, 0, 0, 0]], [1522, [0, 0, 0, -9, 169]], [401, [1629, 116, 64, -25, -100]], [1, [0, 0, 0, -1681, 0]], [-48, [249, 1764, 49, 187, -36]], [1, [1849, 0, 0, -1849, 0]], [1, [4, 16, -121, -484, -1936]], [-2024, [25, -306, 2025, -34, 81]], [1, [4, 529, 2116, 0, 0]], [1, [0, -2209, 0, 0, 2209]], [145, [580, 2320, -80, -329, -2340]], [-48, [0, 0, -2352, 0, 0]], [2501, [29, 100, -2500, -25, -725]], [1, [-289, 0, 0, -9, 2601]], [-675, [-2700, 16, 676, 2704, 169]], [1, [0, -2809, 0, 0, 0]], [-323, [4, -81, 729, 2907, 45]], [1, [-3000, 0, -121, -25, 0]], [-3184, [-192, -768, 113, 196, 784]], [1, [0, 0, 0, -9, 0]], [3365, [4, 841, 0, 0, -841]], [1, [3481, 0, 0, 0, 0]], [545, [29, -109, -1044, -3634, -136]], [1, [0, 3721, 0, 0, 0]], [962, [3848, 0, -961, -3844, 0]], [-48, [441, -81, 49, -9, -3888]], [-4095, [4, 16, 4160, 256, 1024]], [1, [25, 0, 4225, -25, 169]], [1, [-1085, -4356, -121, 596, 4320]], [1, [0, 4489, 0, 0, -4489]], [1, [-285, -1140, -4624, 0, 0]], [4762, [0, 529, -4761, -9, 0]], [-48, [-167, 100, 49, 1396, 4800]], [1, [-5041, 0, 0, 5041, 0]], [-179, [-716, -5249, -80, -585, 45]], [1, [0, 0, 0, 5329, 0]], [-1368, [-5472, 0, 0, 0, 0]], [-5624, [25, -225, 0, -34, -625]], [1, [4, 16, 0, 0, 0]], [5881, [0, 0, -72, 0, 0]], [846, [6088, 0, 676, -9, 133]], [1, [0, 0, 0, -6241, 0]], [401, [1629, 6516, 64, 231, -100]], [1, [6561, -81, 729, -6570, 81]], [1, [4, 0, 0, -1681, -6724]], [-6888, [0, 0, 6889, 0, 0]], [96, [249, 996, 6961, 187, 748]], [1, [-264, -7225, 0, -25, 7225]], [1, [1853, 7396, 0, -1849, -7396]], [1, [0, 841, -7569, -9, -841]], [7745, [4, 16, -7801, -484, -1936]], [1, [0, 0, 0, 0, 7921]], [-2348, [-8071, -206, 1125, 8066, -55]], [-48, [0, -8281, 49, 0, 169]], [1, [4, 545, 2116, 8464, 0]], [962, [-8649, 0, -961, -9, 0]], [-8835, [4, -2209, 0, 0, 2209]], [1, [25, 0, 0, -25, 0]], [9361, [580, 2320, -80, -329, -1316]], [1, [9409, 0, 0, 0, 0]], [-48, [-192, 0, -2352, -9408, 0]], [1, [-1089, 9720, -121, 1080, 81]], [2901, [10029, 116, -2500, -10025, -725]]]],[-12, 6, 6, 6, 6, 6, 6, -141, 198, 6, 6, -357, 438, 6, -141, 6, 198, 6, -1938, 6, 2406, -141, -357, 6, 630, 6, -2022, 2193, -141, 6, -2694, 2889, 198, -357, 6, -141, -1506, -8208, 6, 9132, 2598, 6, -141, 6, -357, -6069, 6354, 6, 630, -7344, 7506, 6, -2022, 6, 249, -357, -18765, 6, 20190, 6, 138, 6, 2889, -141, -12090, 12681, -357, 6, -13866, 14289, -141, 6, -1314, 6, -8208, -33744, 6, 35070, 7104, 6, 2598, 2193, 6, -20661, 21459, 6, 6, -22701, 23067, 6, -10713, -141, 6354, 2889, -53010, 6, 55926, 6, -7344, -357, 9906],19.3.f.E.b

