1.a,1,4,100,1,[[[1/240, []], [1, []], [9, []], [28, []], [73, []], [126, []], [252, []], [344, []], [585, []], [757, []], [1134, []], [1332, []], [2044, []], [2198, []], [3096, []], [3528, []], [4681, []], [4914, []], [6813, []], [6860, []], [9198, []], [9632, []], [11988, []], [12168, []], [16380, []], [15751, []], [19782, []], [20440, []], [25112, []], [24390, []], [31752, []], [29792, []], [37449, []], [37296, []], [44226, []], [43344, []], [55261, []], [50654, []], [61740, []], [61544, []], [73710, []], [68922, []], [86688, []], [79508, []], [97236, []], [95382, []], [109512, []], [103824, []], [131068, []], [117993, []], [141759, []], [137592, []], [160454, []], [148878, []], [183960, []], [167832, []], [201240, []], [192080, []], [219510, []], [205380, []], [257544, []], [226982, []], [268128, []], [260408, []], [299593, []], [276948, []], [335664, []], [300764, []], [358722, []], [340704, []], [390096, []], [357912, []], [442845, []], [389018, []], [455886, []], [441028, []], [500780, []], [458208, []], [553896, []], [493040, []], [589806, []], [551881, []], [620298, []], [571788, []], [703136, []], [619164, []], [715572, []], [682920, []], [779220, []], [704970, []], [858438, []], [756112, []], [888264, []], [834176, []], [934416, []], [864360, []], [1048572, []], [912674, []], [1061937, []], [1008324, []], [1149823, []]]],[1/240, 1, 9, 28, 73, 126, 252, 344, 585, 757, 1134, 1332, 2044, 2198, 3096, 3528, 4681, 4914, 6813, 6860, 9198, 9632, 11988, 12168, 16380, 15751, 19782, 20440, 25112, 24390, 31752, 29792, 37449, 37296, 44226, 43344, 55261, 50654, 61740, 61544, 73710, 68922, 86688, 79508, 97236, 95382, 109512, 103824, 131068, 117993, 141759, 137592, 160454, 148878, 183960, 167832, 201240, 192080, 219510, 205380, 257544, 226982, 268128, 260408, 299593, 276948, 335664, 300764, 358722, 340704, 390096, 357912, 442845, 389018, 455886, 441028, 500780, 458208, 553896, 493040, 589806, 551881, 620298, 571788, 703136, 619164, 715572, 682920, 779220, 704970, 858438, 756112, 888264, 834176, 934416, 864360, 1048572, 912674, 1061937, 1008324, 1149823],1.4.a.E.a

5.b,4,4,100,1,[[[0, []], [1, []], [7, []], [26, []], [57, []], [125, []], [182, []], [342, []], [455, []], [703, []], [875, []], [1332, []], [1482, []], [2196, []], [2394, []], [3250, []], [3641, []], [4912, []], [4921, []], [6860, []], [7125, []], [8892, []], [9324, []], [12166, []], [11830, []], [15625, []], [15372, []], [18980, []], [19494, []], [24390, []], [22750, []], [29792, []], [29127, []], [34632, []], [34384, []], [42750, []], [40071, []], [50652, []], [48020, []], [57096, []], [56875, []], [68922, []], [62244, []], [79506, []], [75924, []], [87875, []], [85162, []], [103822, []], [94666, []], [117307, []], [109375, []], [127712, []], [125172, []], [148876, []], [132860, []], [166500, []], [155610, []], [178360, []], [170730, []], [205380, []], [185250, []], [226982, []], [208544, []], [240426, []], [233017, []], [274500, []], [242424, []], [300762, []], [279984, []], [316316, []], [299250, []], [357912, []], [319865, []], [389016, []], [354564, []], [406250, []], [391020, []], [455544, []], [399672, []], [493040, []], [455125, []], [512461, []], [482454, []], [571786, []], [506844, []], [614000, []], [556542, []], [634140, []], [606060, []], [704970, []], [615125, []], [751032, []], [693462, []], [774592, []], [726754, []], [857500, []], [757302, []], [912672, []], [821149, []], [936396, []], [890625, []]]],[0, 1, 7, 26, 57, 125, 182, 342, 455, 703, 875, 1332, 1482, 2196, 2394, 3250, 3641, 4912, 4921, 6860, 7125, 8892, 9324, 12166, 11830, 15625, 15372, 18980, 19494, 24390, 22750, 29792, 29127, 34632, 34384, 42750, 40071, 50652, 48020, 57096, 56875, 68922, 62244, 79506, 75924, 87875, 85162, 103822, 94666, 117307, 109375, 127712, 125172, 148876, 132860, 166500, 155610, 178360, 170730, 205380, 185250, 226982, 208544, 240426, 233017, 274500, 242424, 300762, 279984, 316316, 299250, 357912, 319865, 389016, 354564, 406250, 391020, 455544, 399672, 493040, 455125, 512461, 482454, 571786, 506844, 614000, 556542, 634140, 606060, 704970, 615125, 751032, 693462, 774592, 726754, 857500, 757302, 912672, 821149, 936396, 890625],5.4.b.E.a

5.b,4,4,100,1,[[[1, []], [1, []], [-7, []], [-26, []], [57, []], [1, []], [182, []], [-342, []], [-455, []], [703, []], [-7, []], [1332, []], [-1482, []], [-2196, []], [2394, []], [-26, []], [3641, []], [-4912, []], [-4921, []], [6860, []], [57, []], [8892, []], [-9324, []], [-12166, []], [11830, []], [1, []], [15372, []], [-18980, []], [-19494, []], [24390, []], [182, []], [29792, []], [-29127, []], [-34632, []], [34384, []], [-342, []], [40071, []], [-50652, []], [-48020, []], [57096, []], [-455, []], [68922, []], [-62244, []], [-79506, []], [75924, []], [703, []], [85162, []], [-103822, []], [-94666, []], [117307, []], [-7, []], [127712, []], [-125172, []], [-148876, []], [132860, []], [1332, []], [155610, []], [-178360, []], [-170730, []], [205380, []], [-1482, []], [226982, []], [-208544, []], [-240426, []], [233017, []], [-2196, []], [242424, []], [-300762, []], [-279984, []], [316316, []], [2394, []], [357912, []], [-319865, []], [-389016, []], [354564, []], [-26, []], [391020, []], [-455544, []], [-399672, []], [493040, []], [3641, []], [512461, []], [-482454, []], [-571786, []], [506844, []], [-4912, []], [556542, []], [-634140, []], [-606060, []], [704970, []], [-4921, []], [751032, []], [-693462, []], [-774592, []], [726754, []], [6860, []], [757302, []], [-912672, []], [-821149, []], [936396, []], [57, []]]],[1, 1, -7, -26, 57, 1, 182, -342, -455, 703, -7, 1332, -1482, -2196, 2394, -26, 3641, -4912, -4921, 6860, 57, 8892, -9324, -12166, 11830, 1, 15372, -18980, -19494, 24390, 182, 29792, -29127, -34632, 34384, -342, 40071, -50652, -48020, 57096, -455, 68922, -62244, -79506, 75924, 703, 85162, -103822, -94666, 117307, -7, 127712, -125172, -148876, 132860, 1332, 155610, -178360, -170730, 205380, -1482, 226982, -208544, -240426, 233017, -2196, 242424, -300762, -279984, 316316, 2394, 357912, -319865, -389016, 354564, -26, 391020, -455544, -399672, 493040, 3641, 512461, -482454, -571786, 506844, -4912, 556542, -634140, -606060, 704970, -4921, 751032, -693462, -774592, 726754, 6860, 757302, -912672, -821149, 936396, 57],5.4.b.E.b

7.c,2,4,100,3,[[[0, [0]], [1, [0]], [7, [-1]], [27, [1]], [56, [-7]], [124, [-1]], [190, [-19]], [343, [0]], [449, [-56]], [728, [26]], [867, [-132]], [1331, [1]], [1519, [-126]], [2198, [0]], [2401, [-343]], [3349, [98]], [3591, [-449]], [4913, [1]], [5122, [-520]], [6858, [-1]], [6937, [-931]], [9261, [343]], [9318, [-1323]], [12166, [-1]], [12179, [-1007]], [15500, [-124]], [15386, [-2198]], [19657, [702]], [19208, [-2401]], [24390, [0]], [23541, [-2565]], [29791, [1]], [28728, [-3591]], [35936, [1357]], [34392, [-4905]], [42532, [-343]], [40950, [-3458]], [50652, [-1]], [48005, [-6866]], [59346, [2198]], [55620, [-7449]], [68922, [0]], [65170, [-6517]], [79508, [0]], [74543, [-9254]], [90298, [2522]], [85161, [-12174]], [103822, [-1]], [97406, [-8083]], [117649, [0]], [108376, [-16492]], [132650, [4939]], [123088, [-15386]], [148877, [1]], [138301, [-14041]], [165045, [-1206]], [154007, [-19208]], [185167, [6832]], [170730, [-24390]], [205379, [1]], [188230, [-17269]], [226980, [-1]], [208538, [-29783]], [249704, [8918]], [229825, [-28728]], [272552, [-2198]], [252909, [-25080]], [300763, [1]], [275135, [-34328]], [328483, [12140]], [297381, [-45276]], [357912, [0]], [328328, [-27638]], [389017, [1]], [354563, [-50660]], [418624, [12276]], [384041, [-48069]], [456533, [343]], [417620, [-41762]], [493038, [-1]], [444835, [-59716]], [530739, [18955]], [482454, [-68922]], [571788, [0]], [521017, [-43218]], [609213, [-4788]], [556556, [-79508]], [658530, [24390]], [597675, [-74031]], [704968, [-1]], [634608, [-70122]], [753914, [0]], [681289, [-85225]], [804356, [29817]], [726753, [-103830]], [850391, [-6983]], [779247, [-64638]], [912674, [0]], [823543, [-117649]], [968942, [35308]], [867132, [-116312]]]],[0, 2, 15, 53, 119, 249, 399, 686, 954, 1430, 1866, 2661, 3164, 4396, 5145, 6600, 7631, 9825, 10764, 13717, 14805, 18179, 19959, 24333, 25365, 31124, 32970, 38612, 40817, 48780, 49647, 59581, 61047, 70515, 73689, 85407, 85358, 101305, 102876, 116494, 118689, 137844, 136857, 159016, 158340, 178074, 182496, 207645, 202895, 235298, 233244, 260361, 261562, 297753, 290643, 331296, 327222, 363502, 365850, 410757, 393729, 453961, 446859, 490490, 488378, 547302, 530898, 601525, 584598, 644826, 640038, 715824, 684294, 778033, 759786, 824972, 816151, 912723, 877002, 986077, 949386, 1042523, 1033830, 1143576, 1085252, 1223214, 1192620, 1292670, 1269381, 1409937, 1339338, 1507828, 1447803, 1578895, 1557336, 1707765, 1623132, 1825348, 1764735, 1902576, 1850576],7.4.c.E.a

7.c,2,4,100,3,[[[16/7, [-11/7]], [1, [0]], [-7, [-8]], [1, [27]], [-7, [56]], [-124, [-125]], [209, [19]], [1, [0]], [505, [56]], [-728, [-702]], [-132, [867]], [1, [1331]], [-1519, [-1645]], [2198, [0]], [-7, [-8]], [3251, [-98]], [-3591, [-4040]], [1, [4913]], [-520, [5122]], [-6858, [-6859]], [7868, [931]], [1, [27]], [10641, [1323]], [-12166, [-12167]], [-1007, [12179]], [-124, [15500]], [-15386, [-17584]], [18955, [-702]], [-7, [56]], [24390, [0]], [-23541, [-26106]], [1, [29791]], [-3591, [28728]], [-35936, [-34579]], [39297, [4905]], [-124, [-125]], [44408, [3458]], [-50652, [-50653]], [-6866, [48005]], [2198, [59346]], [-55620, [-63069]], [68922, [0]], [209, [19]], [79508, [0]], [-74543, [-83797]], [2522, [90298]], [-12174, [85161]], [-103822, [-103823]], [105489, [8083]], [1, [0]], [124868, [16492]], [-132650, [-127711]], [-15386, [123088]], [1, [148877]], [-138301, [-152342]], [166251, [1206]], [505, [56]], [178335, [-6832]], [-170730, [-195120]], [1, [205379]], [-17269, [188230]], [-226980, [-226981]], [238321, [29783]], [-728, [-702]], [258553, [28728]], [-272552, [-274750]], [-25080, [252909]], [1, [300763]], [-275135, [-309463]], [316343, [-12140]], [-132, [867]], [357912, [0]], [-328328, [-355966]], [1, [389017]], [-50660, [354563]], [-418624, [-406348]], [432110, [48069]], [1, [1331]], [459382, [41762]], [-493038, [-493039]], [-59716, [444835]], [18955, [530739]], [-482454, [-551376]], [571788, [0]], [-1519, [-1645]], [614001, [4788]], [-556556, [-636064]], [24390, [658530]], [-74031, [597675]], [-704968, [-704969]], [704730, [70122]], [2198, [0]], [766514, [85225]], [-804356, [-774539]], [-103830, [726753]], [-6983, [850391]], [-779247, [-843885]], [912674, [0]], [-7, [-8]], [933634, [-35308]], [-867132, [-983444]]]],[43/7, 2, -6, -25, -70, -123, 399, 2, 954, -754, -1131, -1329, -1393, 4396, -6, 6600, -3142, -4911, -6162, -6857, 14805, -25, 19959, -12165, -14193, -15748, -13188, 38612, -70, 48780, -20976, -29789, -35910, -37293, 73689, -123, 85358, -50651, -61737, -54950, -48171, 137844, 399, 159016, -65289, -85254, -109509, -103821, 202895, 2, 233244, -137589, -153860, -148875, -124260, 331296, 954, 363502, -146340, -205377, -222768, -226979, 446859, -754, 488378, -270354, -303069, -300761, -240807, 644826, -1131, 715824, -300690, -389015, -455883, -430900, 816151, -1329, 877002, -493037, -564267, -492829, -413532, 1143576, -1393, 1223214, -477048, -609750, -745737, -704967, 1339338, 4396, 1447803, -834173, -934413, -864357, -714609, 1825348, -6, 1902576, -750820],7.4.c.E.b

8.b,5,4,100,1,[[[0, []], [1, []], [8, []], [26, []], [64, []], [124, []], [208, []], [344, []], [512, []], [703, []], [992, []], [1330, []], [1664, []], [2196, []], [2752, []], [3224, []], [4096, []], [4914, []], [5624, []], [6858, []], [7936, []], [8944, []], [10640, []], [12168, []], [13312, []], [15501, []], [17568, []], [18980, []], [22016, []], [24388, []], [25792, []], [29792, []], [32768, []], [34580, []], [39312, []], [42656, []], [44992, []], [50652, []], [54864, []], [57096, []], [63488, []], [68922, []], [71552, []], [79506, []], [85120, []], [87172, []], [97344, []], [103824, []], [106496, []], [117993, []], [124008, []], [127764, []], [140544, []], [148876, []], [151840, []], [164920, []], [176128, []], [178308, []], [195104, []], [205378, []], [206336, []], [226980, []], [238336, []], [241832, []], [262144, []], [272304, []], [276640, []], [300762, []], [314496, []], [316368, []], [341248, []], [357912, []], [359936, []], [389018, []], [405216, []], [403026, []], [438912, []], [457520, []], [456768, []], [493040, []], [507904, []], [512461, []], [551376, []], [571786, []], [572416, []], [609336, []], [636048, []], [634088, []], [680960, []], [704970, []], [697376, []], [755424, []], [778752, []], [774592, []], [830592, []], [850392, []], [851968, []], [912674, []], [943944, []], [934990, []], [992064, []]]],[0, 1, 8, 26, 64, 124, 208, 344, 512, 703, 992, 1330, 1664, 2196, 2752, 3224, 4096, 4914, 5624, 6858, 7936, 8944, 10640, 12168, 13312, 15501, 17568, 18980, 22016, 24388, 25792, 29792, 32768, 34580, 39312, 42656, 44992, 50652, 54864, 57096, 63488, 68922, 71552, 79506, 85120, 87172, 97344, 103824, 106496, 117993, 124008, 127764, 140544, 148876, 151840, 164920, 176128, 178308, 195104, 205378, 206336, 226980, 238336, 241832, 262144, 272304, 276640, 300762, 314496, 316368, 341248, 357912, 359936, 389018, 405216, 403026, 438912, 457520, 456768, 493040, 507904, 512461, 551376, 571786, 572416, 609336, 636048, 634088, 680960, 704970, 697376, 755424, 778752, 774592, 830592, 850392, 851968, 912674, 943944, 934990, 992064],8.4.b.E.a

8.b,5,4,100,1,[[[11/2, []], [1, []], [1, []], [-26, []], [1, []], [-124, []], [-26, []], [344, []], [1, []], [703, []], [-124, []], [-1330, []], [-26, []], [-2196, []], [344, []], [3224, []], [1, []], [4914, []], [703, []], [-6858, []], [-124, []], [-8944, []], [-1330, []], [12168, []], [-26, []], [15501, []], [-2196, []], [-18980, []], [344, []], [-24388, []], [3224, []], [29792, []], [1, []], [34580, []], [4914, []], [-42656, []], [703, []], [-50652, []], [-6858, []], [57096, []], [-124, []], [68922, []], [-8944, []], [-79506, []], [-1330, []], [-87172, []], [12168, []], [103824, []], [-26, []], [117993, []], [15501, []], [-127764, []], [-2196, []], [-148876, []], [-18980, []], [164920, []], [344, []], [178308, []], [-24388, []], [-205378, []], [3224, []], [-226980, []], [29792, []], [241832, []], [1, []], [272304, []], [34580, []], [-300762, []], [4914, []], [-316368, []], [-42656, []], [357912, []], [703, []], [389018, []], [-50652, []], [-403026, []], [-6858, []], [-457520, []], [57096, []], [493040, []], [-124, []], [512461, []], [68922, []], [-571786, []], [-8944, []], [-609336, []], [-79506, []], [634088, []], [-1330, []], [704970, []], [-87172, []], [-755424, []], [12168, []], [-774592, []], [103824, []], [850392, []], [-26, []], [912674, []], [117993, []], [-934990, []], [15501, []]]],[11/2, 1, 1, -26, 1, -124, -26, 344, 1, 703, -124, -1330, -26, -2196, 344, 3224, 1, 4914, 703, -6858, -124, -8944, -1330, 12168, -26, 15501, -2196, -18980, 344, -24388, 3224, 29792, 1, 34580, 4914, -42656, 703, -50652, -6858, 57096, -124, 68922, -8944, -79506, -1330, -87172, 12168, 103824, -26, 117993, 15501, -127764, -2196, -148876, -18980, 164920, 344, 178308, -24388, -205378, 3224, -226980, 29792, 241832, 1, 272304, 34580, -300762, 4914, -316368, -42656, 357912, 703, 389018, -50652, -403026, -6858, -457520, 57096, 493040, -124, 512461, 68922, -571786, -8944, -609336, -79506, 634088, -1330, 704970, -87172, -755424, 12168, -774592, 103824, 850392, -26, 912674, 117993, -934990, 15501],8.4.b.E.b

9.c,4,4,100,3,[[[0, [0]], [1, [0]], [8, [1]], [27, [0]], [63, [7]], [124, [-1]], [216, [27]], [343, [1]], [505, [56]], [729, [0]], [993, [117]], [1331, [1]], [1701, [189]], [2196, [-1]], [2743, [350]], [3348, [-27]], [4040, [449]], [4914, [0]], [5832, [729]], [6860, [0]], [7819, [812]], [9261, [27]], [10647, [1338]], [12166, [-1]], [13635, [1512]], [15500, [-124]], [17569, [2189]], [19683, [0]], [21602, [2457]], [24389, [1]], [26811, [3159]], [29790, [-1]], [32319, [3591]], [35937, [27]], [39312, [4914]], [42533, [-218]], [45927, [5103]], [50654, [0]], [54880, [6860]], [59292, [-27]], [62676, [6495]], [68920, [-1]], [74061, [9450]], [79507, [1]], [83846, [9373]], [90396, [-729]], [97329, [12159]], [103823, [1]], [109080, [12123]], [117648, [342]], [124124, [14632]], [132678, [0]], [138355, [15316]], [148878, [0]], [157464, [19683]], [165045, [-1206]], [173159, [19657]], [185220, [0]], [195111, [24396]], [205378, [-1]], [211113, [21924]], [226981, [1]], [238321, [29783]], [250047, [729]], [258553, [28728]], [272303, [-2321]], [287469, [36126]], [300762, [-1]], [309582, [34398]], [328482, [-27]], [340482, [41007]], [357912, [0]], [368145, [40824]], [389018, [0]], [405232, [50654]], [418500, [-3348]], [432180, [48020]], [456532, [1673]], [474363, [59103]], [493039, [1]], [501409, [52085]], [531441, [0]], [551361, [68913]], [571787, [1]], [583254, [66339]], [609336, [-4914]], [636055, [79514]], [658503, [27]], [672099, [74985]], [704970, [0]], [723897, [85293]], [753229, [1854]], [766465, [85106]], [804330, [-27]], [830583, [103830]], [850640, [-6860]], [872613, [96957]], [912673, [1]], [940842, [120042]], [970299, [729]], [977368, [101556]]]],[0, 2, 15, 54, 119, 249, 405, 685, 954, 1458, 1869, 2661, 3213, 4393, 5136, 6723, 7631, 9828, 10935, 13720, 14826, 18495, 19956, 24333, 25758, 31124, 32949, 39366, 40747, 48777, 50463, 59581, 61047, 71847, 73710, 85284, 86751, 101308, 102900, 118611, 118857, 137841, 138672, 159013, 158319, 181521, 182499, 207645, 206037, 234954, 233616, 265356, 261394, 297756, 295245, 331296, 326661, 370440, 365826, 410757, 400302, 453961, 446859, 499365, 488378, 546927, 538812, 601525, 584766, 656991, 639957, 715824, 695466, 778036, 759810, 840348, 816340, 911391, 889623, 986077, 950733, 1062882, 1033809, 1143573, 1100169, 1223586, 1192596, 1316979, 1269213, 1409940, 1362501, 1504604, 1447824, 1608687, 1557336, 1708140, 1648269, 1825345, 1761642, 1939869, 1853180],9.4.c.E.a

9.c,4,4,100,3,[[[28/3, [17/3]], [1, [0]], [1, [8]], [1, [0]], [-63, [-56]], [-124, [-125]], [1, [8]], [1, [343]], [449, [-56]], [1, [0]], [876, [-117]], [1, [1331]], [-63, [-56]], [-2196, [-2197]], [-2743, [-2393]], [-124, [-125]], [449, [4040]], [4914, [0]], [1, [8]], [6860, [0]], [812, [7819]], [1, [343]], [-10647, [-9309]], [-12166, [-12167]], [449, [-56]], [-124, [15500]], [15380, [-2189]], [1, [0]], [19145, [-2457]], [1, [24389]], [876, [-117]], [-29790, [-29791]], [-32319, [-28728]], [1, [1331]], [4914, [39312]], [42751, [218]], [-63, [-56]], [50654, [0]], [6860, [54880]], [-2196, [-2197]], [-62676, [-56181]], [-68920, [-68921]], [-2743, [-2393]], [1, [79507]], [74473, [-9373]], [-124, [-125]], [85170, [-12159]], [1, [103823]], [449, [4040]], [-117648, [-117306]], [-124124, [-109492]], [4914, [0]], [15316, [138355]], [148878, [0]], [1, [8]], [166251, [1206]], [19657, [173159]], [6860, [0]], [-195111, [-170715]], [-205378, [-205379]], [812, [7819]], [1, [226981]], [208538, [-29783]], [1, [343]], [229825, [-28728]], [-2321, [272303]], [-10647, [-9309]], [-300762, [-300763]], [-309582, [-275184]], [-12166, [-12167]], [41007, [340482]], [357912, [0]], [449, [-56]], [389018, [0]], [50654, [405232]], [-124, [15500]], [-432180, [-384160]], [-456532, [-454859]], [15380, [-2189]], [1, [493039]], [449324, [-52085]], [1, [0]], [482448, [-68913]], [1, [571787]], [19145, [-2457]], [-609336, [-614250]], [-636055, [-556541]], [1, [24389]], [74985, [672099]], [704970, [0]], [876, [-117]], [751375, [-1854]], [85106, [766465]], [-29790, [-29791]], [-830583, [-726753]], [-850640, [-857500]], [-32319, [-28728]], [1, [912673]], [820800, [-120042]], [1, [1331]], [875812, [-101556]]]],[13, 2, -6, 2, -70, -123, -6, -341, 954, 2, 1869, -1329, -70, -2195, -3093, -123, -3142, 9828, -6, 13720, -6195, -341, -11985, -12165, 954, -15748, 32949, 2, 40747, -24387, 1869, -29789, -35910, -1329, -29484, 85284, -70, 101308, -41160, -2195, -69171, -68919, -3093, -79505, 158319, -123, 182499, -103821, -3142, -117990, -138756, 9828, -107723, 297756, -6, 331296, -133845, 13720, -219507, -205377, -6195, -226979, 446859, -341, 488378, -276945, -11985, -300761, -343980, -12165, -258468, 715824, 954, 778036, -303924, -15748, -480200, -458205, 32949, -493037, 950733, 2, 1033809, -571785, 40747, -604422, -715569, -24387, -522129, 1409940, 1869, 1504604, -596253, -29789, -934413, -843780, -35910, -912671, 1761642, -1329, 1853180],9.4.c.E.b

11.c,3,4,100,5,[[[0, [0, 0, 0]], [1, [0, 0, 0]], [7, [-1, -1, -1]], [27, [0, 1, 0]], [56, [-8, -8, -7]], [125, [1, 0, 0]], [189, [-26, -19, -27]], [343, [0, 0, 1]], [448, [-64, -63, -56]], [728, [-1, 26, -1]], [876, [-117, -125, -125]], [1331, [0, 0, 0]], [1513, [-208, -152, -189]], [2196, [-1, -1, -1]], [2401, [-343, -342, -335]], [3375, [27, 125, 1]], [3584, [-511, -504, -448]], [4913, [1, 0, 0]], [5095, [-710, -521, -736]], [6859, [0, 1, 0]], [7007, [-937, -1001, -876]], [9262, [0, 343, 27]], [9317, [-1331, -1331, -1331]], [12168, [0, 0, 0]], [12103, [-1665, -1190, -1513]], [15625, [125, 1, 0]], [15371, [-2205, -2205, -2204]], [19656, [-26, 702, -27]], [19208, [-2743, -2736, -2337]], [24389, [0, 0, 1]], [23652, [-3034, -2374, -3367]], [29790, [-1, -1, -1]], [28673, [-4088, -4032, -3584]], [35937, [0, 1331, 0]], [34392, [-4905, -4913, -4913]], [42874, [342, -1, 124]], [40787, [-5680, -4167, -5159]], [50653, [0, 0, 1]], [48013, [-6858, -6851, -6859]], [59292, [-26, 2170, -27]], [56056, [-7496, -7883, -7007]], [68921, [0, 1, 0]], [64834, [-8919, -6491, -9046]], [79508, [0, 0, 0]], [74536, [-10648, -10648, -9317]], [91001, [604, 3250, -98]], [85176, [-12168, -12168, -12168]], [103823, [0, 1, 0]], [96824, [-13293, -9520, -12103]], [117649, [1, 0, 343]], [109500, [-14624, -15617, -15625]], [132651, [27, 4913, 1]], [122968, [-17640, -17639, -15435]], [148876, [-1, -1, -1]], [137566, [-19162, -14067, -19872]], [166375, [1331, 0, 0]], [153665, [-21944, -21545, -18696]], [185192, [-1, 6885, -1]], [170723, [-24389, -24388, -24381]], [205379, [0, 0, 1]], [189314, [-24298, -19019, -23588]], [226981, [1, 0, 0]], [208529, [-29799, -29799, -29798]], [249731, [-343, 8919, 386]], [229383, [-32705, -32257, -28673]], [274501, [2072, -125, -125]], [251559, [-34606, -25289, -35937]], [300764, [0, 0, 0]], [275135, [-39241, -39305, -34392]], [328536, [0, 12168, 0]], [300460, [-40139, -42758, -41882]], [357911, [1, 0, 0]], [326269, [-45466, -32634, -41299]], [389017, [0, 0, 1]], [354571, [-50653, -50652, -50645]], [421874, [3374, 15651, 124]], [384105, [-54864, -54808, -48013]], [456533, [0, 0, 1331]], [415018, [-57330, -41959, -59508]], [493038, [-1, -1, -1]], [448448, [-59843, -63063, -56056]], [530712, [-702, 18954, -728]], [482447, [-68920, -68913, -68921]], [571787, [1, 0, 0]], [519015, [-71325, -51928, -63106]], [614125, [5038, 1, 0]], [556556, [-79508, -79508, -79508]], [658504, [0, 24389, 27]], [596288, [-85184, -83853, -74536]], [704970, [0, 0, 0]], [637611, [-82919, -65099, -91785]], [753228, [-343, -342, 1854]], [681408, [-97344, -97344, -85176]], [804330, [-26, 29764, -27]], [726761, [-103822, -103815, -103823]], [857375, [6859, 125, 1]], [774619, [-106344, -76159, -96824]], [912672, [-1, -1, -1]], [823544, [-117641, -117306, -114905]], [968968, [-1331, 34606, -1331]], [875876, [-117117, -125061, -109500]]]],[0, 4, 31, 107, 247, 499, 828, 1371, 1975, 2888, 3871, 5324, 6601, 8787, 10624, 13347, 15799, 19651, 22347, 27435, 30842, 36678, 41261, 48672, 52780, 62374, 68098, 77975, 84648, 97555, 103383, 119163, 126396, 142417, 152299, 171031, 178154, 202611, 212620, 235051, 246610, 275683, 283792, 318032, 328757, 360248, 377208, 415291, 422212, 470252, 483866, 525663, 542586, 595507, 603365, 664169, 676845, 733885, 756050, 821515, 824161, 907923, 923512, 989962, 1011167, 1096182, 1102068, 1203056, 1213478, 1301976, 1326619, 1431643, 1424475, 1556067, 1570234, 1668347, 1694105, 1824801, 1818869, 1972155, 1972754, 2105324, 2136542, 2287147, 2262419, 2451461, 2464748, 2609600, 2628725, 2819880, 2790247, 3011743, 3005496, 3187609, 3218504, 3422515, 3377803, 3650691, 3644028, 3843928, 3855182],11.4.c.E.a

11.c,3,4,100,5,[[[56/11, [-144/11, -63/11, -115/11]], [1, [0, 0, 0]], [-7, [-8, -8, -8]], [1, [0, 27, 0]], [-7, [-8, -8, 56]], [1, [125, 0, 0]], [-7, [208, 19, -8]], [1, [0, 0, 343]], [-7, [-8, 504, 56]], [-728, [-729, -702, -729]], [993, [117, -8, -8]], [1, [0, 0, 0]], [1721, [208, 19, 56]], [-2196, [-2197, -2197, -2197]], [-7, [-8, 2736, 335]], [1, [125, 27, 3375]], [-7, [4088, 504, 56]], [1, [4913, 0, 0]], [-736, [-521, -710, 5095]], [1, [0, 6859, 0]], [-7007, [-7883, -8008, -7944]], [9262, [0, 27, 343]], [-7, [-8, -8, -8]], [12168, [0, 0, 0]], [-12103, [-13616, -13293, -13768]], [1, [125, 15625, 0]], [-2204, [-2205, -2205, 15371]], [-728, [18954, -702, -729]], [-7, [21944, 2736, 399]], [1, [0, 0, 24389]], [993, [333, 27019, 3367]], [-29790, [-29791, -29791, -29791]], [32761, [4088, 504, 56]], [1, [0, 27, 0]], [39297, [4905, -8, -8]], [-42874, [-42750, -42875, -42532]], [992, [-521, 45946, 5159]], [1, [0, 0, 50653]], [-7, [54864, 6851, -8]], [-2196, [57122, -2170, -2197]], [-7007, [-7883, -7496, 56056]], [1, [0, 68921, 0]], [-64834, [-73880, -71325, -73753]], [79508, [0, 0, 0]], [-7, [-8, -8, 56]], [90397, [-604, -702, 2646]], [-85176, [-97344, -97344, -97344]], [1, [0, 103823, 0]], [-12103, [-9520, -13293, 96824]], [1, [117649, 0, 343]], [993, [125117, 15617, -8]], [1, [4913, 27, 132651]], [-2204, [-2205, 138403, 15435]], [-148876, [-148877, -148877, -148877]], [156728, [19162, -710, 5095]], [1, [125, 0, 0]], [175609, [21944, 3248, 399]], [-185192, [-185193, -178307, -185193]], [-7, [-8, 195104, 24381]], [1, [0, 0, 205379]], [-5279, [208333, 19019, -4569]], [1, [226981, 0, 0]], [-29798, [-29799, -29799, 208529]], [8533, [-729, 249345, -386]], [-229383, [-258056, -261640, -262088]], [272429, [-2072, -2197, -2197]], [-7, [208, 19, -8]], [300764, [0, 0, 0]], [-275135, [-309527, -314440, -314376]], [12168, [0, 328536, 0]], [-41882, [-42758, -40139, 300460]], [1, [357911, 0, 0]], [-12832, [358903, 32634, -8665]], [1, [0, 0, 389017]], [-7, [-8, 405216, 50645]], [-421874, [-421750, -406223, -418500]], [438969, [54864, 6851, 56]], [1, [0, 0, 343]], [472348, [57330, -2178, 15371]], [-493038, [-493039, -493039, -493039]], [-7007, [-3787, 504504, 56056]], [-728, [18954, -702, 530712]], [-7, [551360, 68913, -8]], [1, [571787, 0, 0]], [-63106, [-51928, -71325, 519015]], [1, [5038, 614125, 0]], [-556556, [-636064, -636064, -636064]], [658504, [0, 27, 24389]], [-7, [-8, 504, 56]], [704970, [0, 0, 0]], [-637611, [-729396, -702710, -720530]], [-2196, [-2197, 751374, -1854]], [-85176, [-97344, -97344, 681408]], [-29790, [774566, -29764, -29791]], [-7, [830576, 103815, -8]], [1, [125, 6859, 857375]], [20665, [-9520, 871443, 96824]], [-912672, [-912673, -912673, -912673]], [941185, [117641, 2736, 335]], [-728, [-729, -702, -729]], [992993, [117117, 7617, -7944]]]],[546/11, 4, -4, -23, -68, -121, -247, -339, -580, -752, 3871, 4, 6601, -2193, -3091, -3523, -4676, -4909, -6808, -6855, -4193, 36678, -4, 48672, -7735, -15746, -19777, -20435, -25107, -24385, -26747, -29787, 126396, -23, 152299, -43339, -46616, -50649, -61735, -61539, -68705, -68917, -40378, 318032, -68, 360248, -48672, -103819, -122423, -117988, -136754, -137587, -160449, -148873, 603365, -121, 676845, -192075, -219505, -205375, -243899, -226977, -268123, -214098, -135748, 1096182, -247, 1203056, -162197, -279864, -385091, -357907, -434200, -389013, -455881, -441023, 1694105, -339, 1818869, -493035, -584801, -551876, -620293, -571783, -648186, -619159, -318032, 2609600, -580, 2819880, -397808, -756107, -827424, -834171, -934411, -864355, -876087, -912669, 3644028, -752, 3855182],11.4.c.E.b

12.b,11,4,100,1,[[[0, []], [1, []], [8, []], [27, []], [64, []], [124, []], [216, []], [342, []], [512, []], [729, []], [992, []], [1332, []], [1728, []], [2198, []], [2736, []], [3348, []], [4096, []], [4912, []], [5832, []], [6858, []], [7936, []], [9234, []], [10656, []], [12168, []], [13824, []], [15501, []], [17584, []], [19683, []], [21888, []], [24388, []], [26784, []], [29790, []], [32768, []], [35964, []], [39296, []], [42408, []], [46656, []], [50654, []], [54864, []], [59346, []], [63488, []], [68920, []], [73872, []], [79506, []], [85248, []], [90396, []], [97344, []], [103824, []], [110592, []], [117307, []], [124008, []], [132624, []], [140672, []], [148876, []], [157464, []], [165168, []], [175104, []], [185166, []], [195104, []], [205380, []], [214272, []], [226982, []], [238320, []], [249318, []], [262144, []], [272552, []], [287712, []], [300762, []], [314368, []], [328536, []], [339264, []], [357912, []], [373248, []], [389018, []], [405232, []], [418527, []], [438912, []], [455544, []], [474768, []], [493038, []], [507904, []], [531441, []], [551360, []], [571788, []], [590976, []], [609088, []], [636048, []], [658476, []], [681984, []], [704968, []], [723168, []], [751716, []], [778752, []], [804330, []], [830592, []], [850392, []], [884736, []], [912674, []], [938456, []], [971028, []], [992064, []]]],[0, 1, 8, 27, 64, 124, 216, 342, 512, 729, 992, 1332, 1728, 2198, 2736, 3348, 4096, 4912, 5832, 6858, 7936, 9234, 10656, 12168, 13824, 15501, 17584, 19683, 21888, 24388, 26784, 29790, 32768, 35964, 39296, 42408, 46656, 50654, 54864, 59346, 63488, 68920, 73872, 79506, 85248, 90396, 97344, 103824, 110592, 117307, 124008, 132624, 140672, 148876, 157464, 165168, 175104, 185166, 195104, 205380, 214272, 226982, 238320, 249318, 262144, 272552, 287712, 300762, 314368, 328536, 339264, 357912, 373248, 389018, 405232, 418527, 438912, 455544, 474768, 493038, 507904, 531441, 551360, 571788, 590976, 609088, 636048, 658476, 681984, 704968, 723168, 751716, 778752, 804330, 830592, 850392, 884736, 912674, 938456, 971028, 992064],12.4.b.E.a

12.b,11,4,100,1,[[[23, []], [1, []], [1, []], [1, []], [1, []], [-124, []], [1, []], [-342, []], [1, []], [1, []], [-124, []], [1332, []], [1, []], [2198, []], [-342, []], [-124, []], [1, []], [-4912, []], [1, []], [-6858, []], [-124, []], [-342, []], [1332, []], [12168, []], [1, []], [15501, []], [2198, []], [1, []], [-342, []], [-24388, []], [-124, []], [-29790, []], [1, []], [1332, []], [-4912, []], [42408, []], [1, []], [50654, []], [-6858, []], [2198, []], [-124, []], [-68920, []], [-342, []], [-79506, []], [1332, []], [-124, []], [12168, []], [103824, []], [1, []], [117307, []], [15501, []], [-4912, []], [2198, []], [-148876, []], [1, []], [-165168, []], [-342, []], [-6858, []], [-24388, []], [205380, []], [-124, []], [226982, []], [-29790, []], [-342, []], [1, []], [-272552, []], [1332, []], [-300762, []], [-4912, []], [12168, []], [42408, []], [357912, []], [1, []], [389018, []], [50654, []], [15501, []], [-6858, []], [-455544, []], [2198, []], [-493038, []], [-124, []], [1, []], [-68920, []], [571788, []], [-342, []], [609088, []], [-79506, []], [-24388, []], [1332, []], [-704968, []], [-124, []], [-751716, []], [12168, []], [-29790, []], [103824, []], [850392, []], [1, []], [912674, []], [117307, []], [1332, []], [15501, []]]],[23, 1, 1, 1, 1, -124, 1, -342, 1, 1, -124, 1332, 1, 2198, -342, -124, 1, -4912, 1, -6858, -124, -342, 1332, 12168, 1, 15501, 2198, 1, -342, -24388, -124, -29790, 1, 1332, -4912, 42408, 1, 50654, -6858, 2198, -124, -68920, -342, -79506, 1332, -124, 12168, 103824, 1, 117307, 15501, -4912, 2198, -148876, 1, -165168, -342, -6858, -24388, 205380, -124, 226982, -29790, -342, 1, -272552, 1332, -300762, -4912, 12168, 42408, 357912, 1, 389018, 50654, 15501, -6858, -455544, 2198, -493038, -124, 1, -68920, 571788, -342, 609088, -79506, -24388, 1332, -704968, -124, -751716, 12168, -29790, 103824, 850392, 1, 912674, 117307, 1332, 15501],12.4.b.E.b

12.b,11,4,100,1,[[[0, []], [1, []], [-8, []], [-1, []], [64, []], [-124, []], [8, []], [342, []], [-512, []], [1, []], [992, []], [-1332, []], [-64, []], [2198, []], [-2736, []], [124, []], [4096, []], [-4912, []], [-8, []], [6858, []], [-7936, []], [-342, []], [10656, []], [-12168, []], [512, []], [15501, []], [-17584, []], [-1, []], [21888, []], [-24388, []], [-992, []], [29790, []], [-32768, []], [1332, []], [39296, []], [-42408, []], [64, []], [50654, []], [-54864, []], [-2198, []], [63488, []], [-68920, []], [2736, []], [79506, []], [-85248, []], [-124, []], [97344, []], [-103824, []], [-4096, []], [117307, []], [-124008, []], [4912, []], [140672, []], [-148876, []], [8, []], [165168, []], [-175104, []], [-6858, []], [195104, []], [-205380, []], [7936, []], [226982, []], [-238320, []], [342, []], [262144, []], [-272552, []], [-10656, []], [300762, []], [-314368, []], [12168, []], [339264, []], [-357912, []], [-512, []], [389018, []], [-405232, []], [-15501, []], [438912, []], [-455544, []], [17584, []], [493038, []], [-507904, []], [1, []], [551360, []], [-571788, []], [-21888, []], [609088, []], [-636048, []], [24388, []], [681984, []], [-704968, []], [992, []], [751716, []], [-778752, []], [-29790, []], [830592, []], [-850392, []], [32768, []], [912674, []], [-938456, []], [-1332, []], [992064, []]]],[0, 1, -8, -1, 64, -124, 8, 342, -512, 1, 992, -1332, -64, 2198, -2736, 124, 4096, -4912, -8, 6858, -7936, -342, 10656, -12168, 512, 15501, -17584, -1, 21888, -24388, -992, 29790, -32768, 1332, 39296, -42408, 64, 50654, -54864, -2198, 63488, -68920, 2736, 79506, -85248, -124, 97344, -103824, -4096, 117307, -124008, 4912, 140672, -148876, 8, 165168, -175104, -6858, 195104, -205380, 7936, 226982, -238320, 342, 262144, -272552, -10656, 300762, -314368, 12168, 339264, -357912, -512, 389018, -405232, -15501, 438912, -455544, 17584, 493038, -507904, 1, 551360, -571788, -21888, 609088, -636048, 24388, 681984, -704968, 992, 751716, -778752, -29790, 830592, -850392, 32768, 912674, -938456, -1332, 992064],12.4.b.E.c

12.b,11,4,100,1,[[[0, []], [1, []], [-1, []], [-27, []], [1, []], [124, []], [27, []], [-342, []], [-1, []], [729, []], [-124, []], [-1332, []], [-27, []], [2198, []], [342, []], [-3348, []], [1, []], [4912, []], [-729, []], [-6858, []], [124, []], [9234, []], [1332, []], [-12168, []], [27, []], [15501, []], [-2198, []], [-19683, []], [-342, []], [24388, []], [3348, []], [-29790, []], [-1, []], [35964, []], [-4912, []], [-42408, []], [729, []], [50654, []], [6858, []], [-59346, []], [-124, []], [68920, []], [-9234, []], [-79506, []], [-1332, []], [90396, []], [12168, []], [-103824, []], [-27, []], [117307, []], [-15501, []], [-132624, []], [2198, []], [148876, []], [19683, []], [-165168, []], [342, []], [185166, []], [-24388, []], [-205380, []], [-3348, []], [226982, []], [29790, []], [-249318, []], [1, []], [272552, []], [-35964, []], [-300762, []], [4912, []], [328536, []], [42408, []], [-357912, []], [-729, []], [389018, []], [-50654, []], [-418527, []], [-6858, []], [455544, []], [59346, []], [-493038, []], [124, []], [531441, []], [-68920, []], [-571788, []], [9234, []], [609088, []], [79506, []], [-658476, []], [1332, []], [704968, []], [-90396, []], [-751716, []], [-12168, []], [804330, []], [103824, []], [-850392, []], [27, []], [912674, []], [-117307, []], [-971028, []], [15501, []]]],[0, 1, -1, -27, 1, 124, 27, -342, -1, 729, -124, -1332, -27, 2198, 342, -3348, 1, 4912, -729, -6858, 124, 9234, 1332, -12168, 27, 15501, -2198, -19683, -342, 24388, 3348, -29790, -1, 35964, -4912, -42408, 729, 50654, 6858, -59346, -124, 68920, -9234, -79506, -1332, 90396, 12168, -103824, -27, 117307, -15501, -132624, 2198, 148876, 19683, -165168, 342, 185166, -24388, -205380, -3348, 226982, 29790, -249318, 1, 272552, -35964, -300762, 4912, 328536, 42408, -357912, -729, 389018, -50654, -418527, -6858, 455544, 59346, -493038, 124, 531441, -68920, -571788, 9234, 609088, 79506, -658476, 1332, 704968, -90396, -751716, -12168, 804330, 103824, -850392, 27, 912674, -117307, -971028, 15501],12.4.b.E.d

13.b,12,4,100,1,[[[0, []], [1, []], [7, []], [28, []], [57, []], [124, []], [196, []], [342, []], [455, []], [757, []], [868, []], [1330, []], [1596, []], [2197, []], [2394, []], [3472, []], [3641, []], [4914, []], [5299, []], [6858, []], [7068, []], [9576, []], [9310, []], [12168, []], [12740, []], [15501, []], [15379, []], [20440, []], [19494, []], [24390, []], [24304, []], [29790, []], [29127, []], [37240, []], [34398, []], [42408, []], [43149, []], [50652, []], [48006, []], [61516, []], [56420, []], [68920, []], [67032, []], [79508, []], [75810, []], [93868, []], [85176, []], [103822, []], [101948, []], [117307, []], [108507, []], [137592, []], [125229, []], [148878, []], [143080, []], [164920, []], [155610, []], [192024, []], [170730, []], [205378, []], [197904, []], [226982, []], [208530, []], [258894, []], [233017, []], [272428, []], [260680, []], [300762, []], [280098, []], [340704, []], [296856, []], [357910, []], [344435, []], [389016, []], [354564, []], [434028, []], [390906, []], [454860, []], [430612, []], [493040, []], [451484, []], [551881, []], [482440, []], [571786, []], [545832, []], [609336, []], [556556, []], [682920, []], [605150, []], [704968, []], [657076, []], [751374, []], [693576, []], [834120, []], [726754, []], [850392, []], [815556, []], [912672, []], [821149, []], [1006810, []], [883557, []]]],[0, 1, 7, 28, 57, 124, 196, 342, 455, 757, 868, 1330, 1596, 2197, 2394, 3472, 3641, 4914, 5299, 6858, 7068, 9576, 9310, 12168, 12740, 15501, 15379, 20440, 19494, 24390, 24304, 29790, 29127, 37240, 34398, 42408, 43149, 50652, 48006, 61516, 56420, 68920, 67032, 79508, 75810, 93868, 85176, 103822, 101948, 117307, 108507, 137592, 125229, 148878, 143080, 164920, 155610, 192024, 170730, 205378, 197904, 226982, 208530, 258894, 233017, 272428, 260680, 300762, 280098, 340704, 296856, 357910, 344435, 389016, 354564, 434028, 390906, 454860, 430612, 493040, 451484, 551881, 482440, 571786, 545832, 609336, 556556, 682920, 605150, 704968, 657076, 751374, 693576, 834120, 726754, 850392, 815556, 912672, 821149, 1006810, 883557],13.4.b.E.a

13.b,12,4,100,1,[[[29, []], [1, []], [-7, []], [28, []], [57, []], [-124, []], [-196, []], [-342, []], [-455, []], [757, []], [868, []], [-1330, []], [1596, []], [1, []], [2394, []], [-3472, []], [3641, []], [4914, []], [-5299, []], [-6858, []], [-7068, []], [-9576, []], [9310, []], [12168, []], [-12740, []], [15501, []], [-7, []], [20440, []], [-19494, []], [24390, []], [24304, []], [-29790, []], [-29127, []], [-37240, []], [-34398, []], [42408, []], [43149, []], [-50652, []], [48006, []], [28, []], [56420, []], [-68920, []], [67032, []], [79508, []], [-75810, []], [-93868, []], [-85176, []], [-103822, []], [101948, []], [117307, []], [-108507, []], [137592, []], [57, []], [148878, []], [-143080, []], [164920, []], [155610, []], [-192024, []], [-170730, []], [-205378, []], [-197904, []], [226982, []], [208530, []], [-258894, []], [233017, []], [-124, []], [260680, []], [-300762, []], [280098, []], [340704, []], [-296856, []], [-357910, []], [-344435, []], [-389016, []], [354564, []], [434028, []], [-390906, []], [454860, []], [-196, []], [493040, []], [-451484, []], [551881, []], [482440, []], [-571786, []], [-545832, []], [-609336, []], [-556556, []], [682920, []], [605150, []], [-704968, []], [657076, []], [-342, []], [693576, []], [-834120, []], [726754, []], [850392, []], [-815556, []], [-912672, []], [-821149, []], [-1006810, []], [883557, []]]],[29, 1, -7, 28, 57, -124, -196, -342, -455, 757, 868, -1330, 1596, 1, 2394, -3472, 3641, 4914, -5299, -6858, -7068, -9576, 9310, 12168, -12740, 15501, -7, 20440, -19494, 24390, 24304, -29790, -29127, -37240, -34398, 42408, 43149, -50652, 48006, 28, 56420, -68920, 67032, 79508, -75810, -93868, -85176, -103822, 101948, 117307, -108507, 137592, 57, 148878, -143080, 164920, 155610, -192024, -170730, -205378, -197904, 226982, 208530, -258894, 233017, -124, 260680, -300762, 280098, 340704, -296856, -357910, -344435, -389016, 354564, 434028, -390906, 454860, -196, 493040, -451484, 551881, 482440, -571786, -545832, -609336, -556556, 682920, 605150, -704968, 657076, -342, 693576, -834120, 726754, 850392, -815556, -912672, -821149, -1006810, 883557],13.4.b.E.b

13.c,3,4,100,3,[[[0, [0]], [1, [0]], [8, [1]], [27, [1]], [63, [7]], [126, [0]], [215, [34]], [342, [-1]], [505, [56]], [728, [26]], [1008, [126]], [1331, [1]], [1694, [245]], [2197, [0]], [2737, [335]], [3402, [126]], [4040, [449]], [4912, [-1]], [5798, [910]], [6858, [-1]], [7938, [882]], [9235, [316]], [10647, [1338]], [12167, [1]], [13579, [1961]], [15751, [0]], [17576, [2197]], [19657, [702]], [21553, [2338]], [24389, [1]], [27090, [4284]], [29792, [0]], [32319, [3591]], [35936, [1357]], [39297, [4905]], [43092, [-126]], [45682, [6552]], [50653, [1]], [54865, [6851]], [59319, [2197]], [63630, [7056]], [68921, [1]], [73564, [11447]], [79506, [-1]], [83846, [9373]], [91728, [3276]], [97335, [12174]], [103824, [0]], [108631, [15714]], [117306, [-342]], [126008, [15751]], [132625, [4886]], [138411, [15379]], [148878, [0]], [156554, [24571]], [167706, [126]], [172766, [18703]], [185167, [6832]], [195111, [24396]], [205378, [-1]], [213444, [30870]], [226980, [-1]], [238336, [29792]], [249002, [8190]], [258553, [28728]], [276822, [0]], [286131, [45435]], [300763, [1]], [309463, [34328]], [328508, [12193]], [344862, [42210]], [357910, [-1]], [366184, [52442]], [389018, [0]], [405223, [50660]], [425277, [15751]], [432061, [47950]], [455203, [-988]], [472355, [74698]], [493040, [0]], [509040, [56574]], [530739, [18955]], [551367, [68928]], [571788, [0]], [579593, [82341]], [618912, [-126]], [636049, [79499]], [658502, [24415]], [672099, [74985]], [704969, [1]], [730548, [114660]], [751374, [-2197]], [766514, [85225]], [804384, [29792]], [830592, [103824]], [864108, [-126]], [869022, [125685]], [912672, [-1]], [938790, [114912]], [968942, [35308]], [992313, [110257]]]],[0, 2, 15, 53, 119, 252, 396, 685, 954, 1430, 1890, 2661, 3143, 4394, 5139, 6678, 7631, 9825, 10686, 13717, 14994, 18154, 19956, 24333, 25197, 31502, 32955, 38612, 40768, 48777, 49896, 59584, 61047, 70515, 73689, 86310, 84812, 101305, 102879, 116441, 120204, 137841, 135681, 159013, 158319, 180180, 182496, 207648, 201548, 234954, 236265, 260364, 261443, 297756, 288537, 335286, 326829, 363502, 365826, 410757, 396018, 453961, 446880, 489814, 488378, 553644, 526827, 601525, 584598, 644823, 647514, 715821, 679926, 778036, 759786, 834803, 816172, 911394, 870012, 986080, 961506, 1042523, 1033806, 1143576, 1076845, 1237950, 1192599, 1292589, 1269213, 1409937, 1346436, 1504945, 1447803, 1578976, 1557360, 1728342, 1612359, 1825345, 1762668, 1902576, 1874369],13.4.c.E.a

13.c,3,4,100,3,[[[329/13, [419/13]], [1, [0]], [1, [8]], [1, [27]], [-63, [-56]], [126, [0]], [-215, [-181]], [-342, [-343]], [449, [-56]], [-728, [-702]], [126, [1008]], [1, [1331]], [1449, [-245]], [1, [0]], [2402, [-335]], [126, [3402]], [449, [4040]], [-4912, [-4913]], [4888, [-910]], [-6858, [-6859]], [-7938, [-7056]], [8919, [-316]], [-10647, [-9309]], [1, [12167]], [1961, [13579]], [15751, [0]], [1, [8]], [18955, [-702]], [2338, [21553]], [1, [24389]], [-27090, [-22806]], [29792, [0]], [-32319, [-28728]], [-35936, [-34579]], [34392, [-4905]], [-43092, [-43218]], [6552, [45682]], [1, [50653]], [48014, [-6851]], [1, [27]], [56574, [-7056]], [1, [68921]], [11447, [73564]], [-79506, [-79507]], [74473, [-9373]], [-91728, [-88452]], [-97335, [-85161]], [103824, [0]], [-108631, [-92917]], [-342, [117306]], [15751, [126008]], [127739, [-4886]], [-63, [-56]], [148878, [0]], [24571, [156554]], [126, [167706]], [-172766, [-154063]], [178335, [-6832]], [-195111, [-170715]], [-205378, [-205379]], [182574, [-30870]], [-226980, [-226981]], [29792, [238336]], [8190, [249002]], [229825, [-28728]], [126, [0]], [240696, [-45435]], [1, [300763]], [34328, [309463]], [-328508, [-316315]], [302652, [-42210]], [-357910, [-357911]], [-366184, [-313742]], [389018, [0]], [-405223, [-354563]], [15751, [425277]], [47950, [432061]], [456191, [988]], [-215, [-181]], [493040, [0]], [56574, [509040]], [18955, [530739]], [-551367, [-482439]], [571788, [0]], [-579593, [-497252]], [-618912, [-619038]], [556550, [-79499]], [-658502, [-634087]], [74985, [672099]], [1, [704969]], [615888, [-114660]], [-342, [-343]], [681289, [-85225]], [29792, [804384]], [103824, [830592]], [-864108, [-864234]], [743337, [-125685]], [-912672, [-912673]], [-938790, [-823878]], [933634, [-35308]], [-992313, [-882056]]]],[239/13, 2, -6, -25, -70, 252, -249, -341, 954, -754, -756, -1329, 3143, 2, 5139, -3150, -3142, -4911, 10686, -6857, -8820, 18154, -11985, -12165, -9657, 31502, -6, 38612, -16877, -24387, -31374, 59584, -35910, -37293, 73689, -42966, -32578, -50651, 102879, -25, 120204, -68919, -50670, -79505, 158319, -95004, -109509, 207648, -124345, -117990, -94506, 260364, -70, 297756, -107412, -167454, -191469, 363502, -219507, -205377, 396018, -226979, -178752, -232622, 488378, 252, 526827, -300761, -240807, -340701, 647514, -357909, -418626, 778036, -455883, -393775, -336161, 911394, -249, 986080, -395892, -492829, -620295, 1143576, -661934, -618786, 1192599, -682917, -522129, -704967, 1346436, -341, 1447803, -744800, -622944, -863982, 1612359, -912671, -1053702, 1902576, -1102570],13.4.c.E.b

13.e,4,4,100,3,[[[0, [0]], [1, [0]], [8, [1]], [27, [-1]], [63, [9]], [124, [0]], [217, [18]], [344, [-1]], [503, [72]], [728, [-26]], [992, [124]], [1331, [1]], [1710, [171]], [2197, [0]], [2753, [335]], [3348, [-124]], [4024, [575]], [4912, [1]], [5850, [494]], [6860, [-1]], [7812, [1116]], [9287, [-370]], [10647, [1340]], [12167, [-1]], [13653, [1369]], [15501, [0]], [17576, [2197]], [19657, [-702]], [21681, [3024]], [24389, [-1]], [26908, [2232]], [29790, [0]], [32193, [4599]], [35938, [-1305]], [39295, [4921]], [42656, [-124]], [46098, [4680]], [50653, [1]], [54881, [6851]], [59319, [-2197]], [62372, [8928]], [68921, [1]], [74666, [5957]], [79506, [1]], [83844, [12051]], [90272, [-3224]], [97337, [12158]], [103822, [0]], [109223, [10926]], [117992, [-344]], [124008, [15501]], [132625, [-4886]], [138411, [19773]], [148878, [0]], [157958, [13339]], [165044, [124]], [173104, [24193]], [185219, [-6886]], [195113, [24380]], [205380, [-1]], [212040, [21204]], [226980, [1]], [238320, [29790]], [250406, [-9646]], [257545, [36792]], [272428, [0]], [288809, [24193]], [300763, [1]], [309447, [44280]], [328508, [-12193]], [341372, [41540]], [357912, [-1]], [368056, [37466]], [389016, [0]], [405223, [50662]], [418527, [-15501]], [432189, [61668]], [457865, [-988]], [476749, [39546]], [493040, [0]], [498976, [71300]], [530739, [-18955]], [551367, [68930]], [571786, [0]], [588411, [56943]], [609088, [124]], [636047, [79515]], [658502, [-24415]], [669421, [96407]], [704969, [1]], [725400, [61256]], [755768, [-2197]], [766530, [109431]], [804330, [-29790]], [830576, [103822]], [850640, [-124]], [873810, [87381]], [912674, [-1]], [944280, [114896]], [968994, [-33904]], [976563, [139509]]]],[0, 2, 17, 53, 135, 248, 452, 687, 1078, 1430, 2108, 2663, 3591, 4394, 5841, 6572, 8623, 9825, 12194, 13719, 16740, 18204, 22634, 24333, 28675, 31002, 37349, 38612, 46386, 48777, 56048, 59580, 68985, 70571, 83511, 85188, 96876, 101307, 116613, 116441, 133672, 137843, 155289, 159013, 179739, 177320, 206832, 207644, 229372, 235640, 263517, 260364, 296595, 297756, 329255, 330212, 370401, 363552, 414606, 410759, 445284, 453961, 506430, 491166, 551882, 544856, 601811, 601527, 663174, 644823, 724284, 715823, 773578, 778032, 861108, 821553, 926046, 914742, 993044, 986080, 1069252, 1042523, 1171664, 1143572, 1233765, 1218300, 1351609, 1292589, 1435249, 1409939, 1512056, 1509339, 1642491, 1578870, 1764974, 1701156, 1835001, 1825347, 2003456, 1904084, 2092635],13.4.e.E.a

13.e,4,4,100,3,[[[19, [17]], [1, [0]], [1, [8]], [1, [-27]], [-63, [72]], [-124, [0]], [217, [-235]], [344, [-343]], [-575, [72]], [-728, [702]], [-124, [-992]], [1, [1331]], [1881, [-171]], [1, [0]], [3088, [-335]], [-124, [3348]], [-575, [-4024]], [-4912, [4913]], [-6344, [494]], [6860, [-6859]], [7812, [-8928]], [-8917, [-370]], [-10647, [11987]], [1, [-12167]], [1369, [13653]], [15501, [0]], [1, [8]], [18955, [702]], [3024, [21681]], [1, [-24389]], [-26908, [29140]], [-29790, [0]], [32193, [-36792]], [35938, [-34633]], [-44216, [4921]], [-42656, [42532]], [-4680, [-46098]], [1, [50653]], [61732, [-6851]], [1, [-27]], [71300, [-8928]], [1, [68921]], [-5957, [-74666]], [-79506, [79507]], [-95895, [12051]], [90272, [-87048]], [97337, [-109495]], [-103822, [0]], [-109223, [120149]], [344, [-117992]], [15501, [124008]], [127739, [4886]], [-63, [72]], [148878, [0]], [13339, [157958]], [-124, [-165044]], [-173104, [197297]], [-178333, [-6886]], [195113, [-219493]], [205380, [-205379]], [-233244, [21204]], [-226980, [226981]], [-29790, [-238320]], [-9646, [250406]], [294337, [-36792]], [-124, [0]], [313002, [-24193]], [1, [300763]], [-44280, [-309447]], [-328508, [316315]], [-382912, [41540]], [357912, [-357911]], [368056, [-405522]], [-389016, [0]], [-405223, [455885]], [15501, [-418527]], [61668, [432189]], [456877, [988]], [217, [-235]], [493040, [0]], [71300, [498976]], [18955, [-530739]], [-551367, [620297]], [-571786, [0]], [588411, [-645354]], [609088, [-609212]], [-715562, [79515]], [-658502, [634087]], [-96407, [-669421]], [1, [704969]], [786656, [-61256]], [344, [-343]], [875961, [-109431]], [-29790, [804330]], [-103822, [-830576]], [-850640, [850516]], [-961191, [87381]], [912674, [-912673]], [944280, [-1059176]], [-935090, [-33904]], [-976563, [1116072]]]],[55, 2, 10, -25, -54, -248, 199, 345, -1078, -754, -1240, 1333, 3591, 2, 5841, 3100, -5174, -4911, -12194, 6861, 6696, -18204, -9307, -12165, 16391, 31002, 10, 38612, 27729, -24387, -24676, -59580, 27594, 37243, -83511, -42780, -55458, 50655, 116613, -25, 133672, 68923, -86580, -79505, -179739, 93496, 85179, -207644, -98297, -117304, 155010, 260364, -54, 297756, 184636, -165292, -148911, -363552, 170733, 205381, -445284, -226979, -297900, 231114, 551882, -248, 601811, 300765, -398007, -340701, -724284, 357913, 330590, -778032, -354561, -387525, 555525, 914742, 199, 986080, 641576, -492829, -482437, -1143572, 531468, 608964, -1351609, -682917, -862235, 704971, 1512056, 345, 1642491, 744750, -1038220, -850764, -1835001, 912675, 829384, -1904084, -837054],13.4.e.E.b

15.e,2,4,100,4,[[[0, [0]], [1, [0]], [8, [-1]], [27, [0]], [63, [-8]], [125, [0]], [216, [-27]], [343, [1]], [504, [-63]], [729, [0]], [1000, [-125]], [1330, [0]], [1701, [-216]], [2197, [-1]], [2745, [-335]], [3375, [0]], [4033, [-504]], [4913, [-1]], [5832, [-729]], [6858, [0]], [7875, [-1000]], [9261, [27]], [10640, [-1330]], [12167, [1]], [13608, [-1701]], [15625, [0]], [17575, [-2205]], [19683, [0]], [21617, [-2681]], [24390, [0]], [27000, [-3375]], [29792, [0]], [32264, [-4033]], [35910, [0]], [39303, [-4921]], [42875, [125]], [45927, [-5832]], [50653, [1]], [54864, [-6858]], [59319, [-27]], [63000, [-7875]], [68920, [0]], [74115, [-9045]], [79507, [-1]], [83790, [-10640]], [91125, [0]], [97337, [-12159]], [103823, [-1]], [108891, [-13608]], [117648, [343]], [125000, [-15625]], [132651, [-27]], [138403, [-17639]], [148877, [1]], [157464, [-19683]], [166250, [0]], [172935, [-21105]], [185166, [0]], [195120, [-24390]], [205380, [0]], [212625, [-27000]], [226982, [0]], [238336, [-29792]], [250047, [729]], [258111, [-32264]], [274625, [-125]], [287280, [-35910]], [300763, [1]], [309511, [-39367]], [328509, [27]], [343125, [-41875]], [357910, [0]], [367416, [-45927]], [389017, [-1]], [405225, [-50645]], [421875, [0]], [432054, [-54864]], [456190, [1330]], [474525, [-59535]], [493038, [0]], [504125, [-63000]], [531441, [0]], [551360, [-68920]], [571787, [1]], [583659, [-72387]], [614125, [-125]], [636055, [-79515]], [658530, [0]], [670320, [-83790]], [704970, [0]], [729000, [-91125]], [753572, [1854]], [766529, [-97273]], [804384, [0]], [830583, [-103831]], [857250, [0]], [871128, [-108891]], [912673, [1]], [941527, [-114904]], [969570, [0]], [984375, [-125000]]]],[0, 2, 16, 54, 126, 250, 432, 686, 1008, 1458, 2000, 2660, 3402, 4394, 5490, 6750, 8066, 9826, 11664, 13716, 15750, 18522, 21280, 24334, 27216, 31250, 35150, 39366, 43234, 48780, 54000, 59584, 64528, 71820, 78606, 85750, 91854, 101306, 109728, 118638, 126000, 137840, 148230, 159014, 167580, 182250, 194674, 207646, 217782, 235296, 250000, 265302, 276806, 297754, 314928, 332500, 345870, 370332, 390240, 410760, 425250, 453964, 476672, 500094, 516222, 549250, 574560, 601526, 619022, 657018, 686250, 715820, 734832, 778034, 810450, 843750, 864108, 912380, 949050, 986076, 1008250, 1062882, 1102720, 1143574, 1167318, 1228250, 1272110, 1317060, 1340640, 1409940, 1458000, 1507144, 1533058, 1608768, 1661166, 1714500, 1742256, 1825346, 1883054, 1939140, 1968750],15.4.e.E.a

15.e,2,4,100,4,[[[29, [-41]], [1, [0]], [1, [-8]], [1, [0]], [-63, [-8]], [1, [0]], [1, [-8]], [1, [343]], [-63, [504]], [1, [0]], [1, [-8]], [-1330, [0]], [-63, [-8]], [1, [-2197]], [2745, [335]], [1, [0]], [4033, [504]], [1, [-4913]], [1, [-8]], [-6858, [0]], [-63, [-8]], [1, [343]], [-1330, [10640]], [1, [12167]], [-63, [504]], [1, [0]], [-17575, [-2205]], [1, [0]], [2681, [-21617]], [24390, [0]], [1, [-8]], [29792, [0]], [4033, [-32264]], [-1330, [0]], [-39303, [-4921]], [1, [343]], [-63, [-8]], [1, [50653]], [-6858, [54864]], [1, [-2197]], [-63, [504]], [-68920, [0]], [2745, [335]], [1, [-79507]], [83790, [10640]], [1, [0]], [97337, [12159]], [1, [-103823]], [4033, [504]], [-117648, [343]], [1, [-8]], [1, [-4913]], [-17639, [138403]], [1, [148877]], [1, [-8]], [-1330, [0]], [-172935, [-21105]], [-6858, [0]], [24390, [-195120]], [205380, [0]], [-63, [-8]], [226982, [0]], [29792, [-238336]], [1, [343]], [-258111, [-32264]], [1, [-2197]], [-1330, [10640]], [1, [300763]], [-39367, [309511]], [1, [12167]], [2745, [335]], [-357910, [0]], [-63, [504]], [1, [-389017]], [405225, [50645]], [1, [0]], [432054, [54864]], [-1330, [-456190]], [-17575, [-2205]], [-493038, [0]], [4033, [504]], [1, [0]], [-68920, [551360]], [1, [571787]], [2681, [-21617]], [1, [-4913]], [-636055, [-79515]], [24390, [0]], [83790, [-670320]], [704970, [0]], [1, [-8]], [753572, [-1854]], [97273, [-766529]], [29792, [0]], [-830583, [-103831]], [-6858, [0]], [4033, [-32264]], [1, [912673]], [-114904, [941527]], [-1330, [0]], [-63, [-8]]]],[58, 2, 2, 2, -126, 2, 2, 2, -126, 2, 2, -2660, -126, 2, 5490, 2, 8066, 2, 2, -13716, -126, 2, -2660, 2, -126, 2, -35150, 2, 5362, 48780, 2, 59584, 8066, -2660, -78606, 2, -126, 2, -13716, 2, -126, -137840, 5490, 2, 167580, 2, 194674, 2, 8066, -235296, 2, 2, -35278, 2, 2, -2660, -345870, -13716, 48780, 410760, -126, 453964, 59584, 2, -516222, 2, -2660, 2, -78734, 2, 5490, -715820, -126, 2, 810450, 2, 864108, -2660, -35150, -986076, 8066, 2, -137840, 2, 5362, 2, -1272110, 48780, 167580, 1409940, 2, 1507144, 194546, 59584, -1661166, -13716, 8066, 2, -229808, -2660, -126],15.4.e.E.b

15.e,2,4,100,4,[[[0, [0]], [1, [0]], [-1, [8]], [0, [-27]], [-63, [-8]], [-1, [0]], [216, [27]], [1, [343]], [63, [-504]], [-729, [0]], [1, [-8]], [1330, [0]], [-216, [1701]], [1, [-2197]], [-2745, [-335]], [0, [27]], [4033, [504]], [-1, [4913]], [729, [-5832]], [-6858, [0]], [63, [8]], [9261, [-27]], [-1330, [10640]], [-1, [-12167]], [-13608, [-1701]], [1, [0]], [17575, [2205]], [0, [19683]], [2681, [-21617]], [-24390, [0]], [-216, [-27]], [29792, [0]], [-4033, [32264]], [0, [-35910]], [-39303, [-4921]], [-1, [-343]], [45927, [5832]], [1, [50653]], [6858, [-54864]], [-59319, [-27]], [-63, [504]], [68920, [0]], [-9045, [74115]], [1, [-79507]], [-83790, [-10640]], [729, [0]], [97337, [12159]], [-1, [103823]], [13608, [-108891]], [-117648, [343]], [-1, [8]], [132651, [27]], [-17639, [138403]], [-1, [-148877]], [-157464, [-19683]], [-1330, [0]], [172935, [21105]], [0, [185166]], [24390, [-195120]], [-205380, [0]], [216, [-1701]], [226982, [0]], [-29792, [238336]], [-729, [-250047]], [-258111, [-32264]], [-1, [2197]], [287280, [35910]], [1, [300763]], [39367, [-309511]], [-328509, [27]], [2745, [335]], [357910, [0]], [-45927, [367416]], [1, [-389017]], [-405225, [-50645]], [0, [-27]], [432054, [54864]], [1330, [456190]], [59535, [-474525]], [-493038, [0]], [-4033, [-504]], [531441, [0]], [-68920, [551360]], [-1, [-571787]], [-583659, [-72387]], [1, [-4913]], [636055, [79515]], [0, [658530]], [83790, [-670320]], [-704970, [0]], [-729, [5832]], [753572, [-1854]], [-97273, [766529]], [0, [-804384]], [-830583, [-103831]], [6858, [0]], [871128, [108891]], [1, [912673]], [114904, [-941527]], [-969570, [0]], [-63, [-8]]]],[0, 2, 7*t - 9, -26*t, 0, -126, 19*t + 217, 342*t + 344, -567*t - 441, -730, 117*t + 1001, 0, 1764*t - 224, -2196*t + 2198, -670*t - 5490, -98*t, 1008*t + 8066, 4912*t - 4914, -5831*t + 737, 0, -992*t - 7812, 316*t + 9262, 11970*t + 9310, -12166*t - 12168, -2205*t - 13545, 15626, 0, 19682*t, -18936*t + 24298, -48780, 973*t - 341, 59584, 28231*t - 36297, -37240*t, 0, -218*t - 42876, 5824*t + 45864, 50652*t + 50654, -61722*t - 48006, 2170*t - 59320, 8379*t + 62937, 0, 71370*t - 8710, -79506*t + 79508, -21280*t - 167580, 854, 24318*t + 194674, 103822*t - 103824, -104858*t + 13104, 0, -15617*t - 125001, -4886*t + 132652, 156042*t + 120764, -148876*t - 148878, -19675*t - 157465, 164920, 0, 192024*t, -170730*t + 219510, -410760, -9576*t + 1216, 453964, 208544*t - 268128, -250046*t - 1072, 0, 2072*t - 274626, 46550*t + 285950, 300762*t + 300764, -348878*t - 270144, -12140*t - 328510, 42210*t + 345870, 0, 367479*t - 45423, -389016*t + 389018, -101290*t - 810450, 15598*t, 109728*t + 864108, 457520*t - 454860, -492100*t + 61740, 0, -63504*t - 508158, 531442, 620280*t + 482440, -571786*t - 571788, -50770*t - 586340, -4788*t + 614126, 0, 634140*t, -586530*t + 754110, -1409940, 5707*t - 1729, -3708*t + 1507144, 669256*t - 863802, -774592*t, 0, -850392, 76627*t + 875161, 912672*t + 912674, -1056431*t - 826623, -968240, 124992*t + 984312],15.4.e.E.c

15.e,2,4,100,4,[[[0, [0]], [1, [0]], [-8, [1]], [0, [-1]], [63, [-8]], [-125, [0]], [1, [8]], [343, [1]], [-504, [63]], [-1, [0]], [1000, [-125]], [-1330, [0]], [-8, [-63]], [2197, [-1]], [-2745, [335]], [0, [125]], [4033, [-504]], [-4913, [1]], [8, [-1]], [6858, [0]], [-7875, [1000]], [1, [-343]], [10640, [-1330]], [-12167, [-1]], [63, [504]], [15625, [0]], [-17575, [2205]], [0, [1]], [21617, [-2681]], [-24390, [0]], [-125, [-1000]], [29792, [0]], [-32264, [4033]], [0, [1330]], [39303, [-4921]], [-42875, [-125]], [-63, [8]], [50653, [1]], [-54864, [6858]], [-1, [-2197]], [63000, [-7875]], [-68920, [0]], [335, [2745]], [79507, [-1]], [-83790, [10640]], [125, [0]], [97337, [-12159]], [-103823, [1]], [-504, [-4033]], [117648, [343]], [-125000, [15625]], [1, [4913]], [138403, [-17639]], [-148877, [-1]], [-1, [-8]], [166250, [0]], [-172935, [21105]], [0, [-6858]], [195120, [-24390]], [-205380, [0]], [1000, [7875]], [226982, [0]], [-238336, [29792]], [-343, [-1]], [258111, [-32264]], [-274625, [125]], [-1330, [-10640]], [300763, [1]], [-309511, [39367]], [-1, [12167]], [343125, [-41875]], [-357910, [0]], [504, [-63]], [389017, [-1]], [-405225, [50645]], [0, [-15625]], [432054, [-54864]], [-456190, [-1330]], [2205, [17575]], [493038, [0]], [-504125, [63000]], [1, [0]], [551360, [-68920]], [-571787, [-1]], [-2681, [-21617]], [614125, [-125]], [-636055, [79515]], [0, [24390]], [670320, [-83790]], [-704970, [0]], [-1000, [125]], [753572, [1854]], [-766529, [97273]], [0, [-29792]], [830583, [-103831]], [-857250, [0]], [4033, [32264]], [912673, [1]], [-941527, [114904]], [1330, [0]], [984375, [-125000]]]],[0, 2, -7*t - 9, 26*t, 0, -126, -19*t + 217, -342*t + 344, 567*t - 441, -730, -117*t + 1001, 0, -1764*t - 224, 2196*t + 2198, 670*t - 5490, 98*t, -1008*t + 8066, -4912*t - 4914, 5831*t + 737, 0, 992*t - 7812, -316*t + 9262, -11970*t + 9310, 12166*t - 12168, 2205*t - 13545, 15626, 0, -19682*t, 18936*t + 24298, -48780, -973*t - 341, 59584, -28231*t - 36297, 37240*t, 0, 218*t - 42876, -5824*t + 45864, -50652*t + 50654, 61722*t - 48006, -2170*t - 59320, -8379*t + 62937, 0, -71370*t - 8710, 79506*t + 79508, 21280*t - 167580, 854, -24318*t + 194674, -103822*t - 103824, 104858*t + 13104, 0, 15617*t - 125001, 4886*t + 132652, -156042*t + 120764, 148876*t - 148878, 19675*t - 157465, 164920, 0, -192024*t, 170730*t + 219510, -410760, 9576*t + 1216, 453964, -208544*t - 268128, 250046*t - 1072, 0, -2072*t - 274626, -46550*t + 285950, -300762*t + 300764, 348878*t - 270144, 12140*t - 328510, -42210*t + 345870, 0, -367479*t - 45423, 389016*t + 389018, 101290*t - 810450, -15598*t, -109728*t + 864108, -457520*t - 454860, 492100*t + 61740, 0, 63504*t - 508158, 531442, -620280*t + 482440, 571786*t - 571788, 50770*t - 586340, 4788*t + 614126, 0, -634140*t, 586530*t + 754110, -1409940, -5707*t - 1729, 3708*t + 1507144, -669256*t - 863802, 774592*t, 0, -850392, -76627*t + 875161, -912672*t + 912674, 1056431*t - 826623, -968240, -124992*t + 984312],15.4.e.E.d

16.e,5,4,100,4,[[[0, [0]], [1, [0]], [8, [0]], [27, [-1]], [64, [0]], [125, [1]], [216, [-8]], [342, [0]], [512, [0]], [728, [-27]], [1000, [8]], [1331, [1]], [1728, [-64]], [2197, [-1]], [2736, [0]], [3376, [-98]], [4096, [0]], [4914, [0]], [5824, [-216]], [6859, [-1]], [8000, [64]], [9234, [-342]], [10648, [8]], [12166, [0]], [13824, [-512]], [15624, [125]], [17576, [-8]], [19656, [-728]], [21888, [0]], [24389, [-1]], [27008, [-784]], [29792, [0]], [32768, [0]], [35938, [-1304]], [39312, [0]], [42750, [342]], [46592, [-1728]], [50653, [1]], [54872, [-8]], [59318, [-2224]], [64000, [512]], [68920, [0]], [73872, [-2736]], [79507, [1]], [85184, [64]], [91027, [-2647]], [97328, [0]], [103824, [0]], [110592, [-4096]], [117307, [0]], [124992, [1000]], [132678, [-4914]], [140608, [-64]], [148877, [1]], [157248, [-5824]], [166374, [1456]], [175104, [0]], [185192, [-6886]], [195112, [-8]], [205379, [1]], [216064, [-6272]], [226981, [-1]], [238336, [0]], [248976, [-9234]], [262144, [0]], [274626, [2072]], [287504, [-10432]], [300763, [-1]], [314496, [0]], [328482, [-12166]], [342000, [2736]], [357910, [0]], [372736, [-13824]], [389016, [0]], [405224, [8]], [421973, [-12249]], [438976, [-64]], [455202, [342]], [474544, [-17792]], [493040, [0]], [512000, [4096]], [530713, [-19656]], [551360, [0]], [571787, [-1]], [590976, [-21888]], [614250, [4914]], [636056, [8]], [658502, [-24416]], [681472, [512]], [704968, [0]], [728216, [-21176]], [751374, [-342]], [778624, [0]], [804384, [-29792]], [830592, [0]], [857376, [6734]], [884736, [-32768]], [912674, [0]], [938456, [0]], [968995, [-35209]], [999936, [8000]]]],[0, 2, 16, 54, 128, 250, 432, 684, 1024, 1456, 2000, 2662, 3456, 4394, 5472, 6752, 8192, 9828, 11648, 13718, 16000, 18468, 21296, 24332, 27648, 31248, 35152, 39312, 43776, 48778, 54016, 59584, 65536, 71876, 78624, 85500, 93184, 101306, 109744, 118636, 128000, 137840, 147744, 159014, 170368, 182054, 194656, 207648, 221184, 234614, 249984, 265356, 281216, 297754, 314496, 332748, 350208, 370384, 390224, 410758, 432128, 453962, 476672, 497952, 524288, 549252, 575008, 601526, 628992, 656964, 684000, 715820, 745472, 778032, 810448, 843946, 877952, 910404, 949088, 986080, 1024000, 1061426, 1102720, 1143574, 1181952, 1228500, 1272112, 1317004, 1362944, 1409936, 1456432, 1502748, 1557248, 1608768, 1661184, 1714752, 1769472, 1825348, 1876912, 1937990, 1999872],16.4.e.E.a

16.e,5,4,100,4,[[[117/2, [-47/2]], [1, [0]], [1, [0]], [1, [-27]], [1, [0]], [1, [125]], [1, [-27]], [-342, [0]], [1, [0]], [-728, [-27]], [1, [125]], [1, [1331]], [1, [-27]], [1, [-2197]], [-342, [0]], [3376, [98]], [1, [0]], [4914, [0]], [-728, [-27]], [1, [-6859]], [1, [125]], [-342, [9234]], [1, [1331]], [-12166, [0]], [1, [-27]], [-15624, [125]], [1, [-2197]], [-728, [19656]], [-342, [0]], [1, [-24389]], [3376, [98]], [29792, [0]], [1, [0]], [35938, [1304]], [4914, [0]], [-342, [-42750]], [-728, [-27]], [1, [50653]], [1, [-6859]], [-59318, [-2224]], [1, [125]], [-68920, [0]], [-342, [9234]], [1, [79507]], [1, [1331]], [2647, [-91027]], [-12166, [0]], [103824, [0]], [1, [-27]], [117307, [0]], [-15624, [125]], [4914, [-132678]], [1, [-2197]], [1, [148877]], [-728, [19656]], [-166374, [1456]], [-342, [0]], [-185192, [-6886]], [1, [-24389]], [1, [205379]], [3376, [98]], [1, [-226981]], [29792, [0]], [248976, [9234]], [1, [0]], [274626, [-2072]], [35938, [1304]], [1, [-300763]], [4914, [0]], [-12166, [328482]], [-342, [-42750]], [-357910, [0]], [-728, [-27]], [-389016, [0]], [1, [50653]], [-12249, [421973]], [1, [-6859]], [-342, [-455202]], [-59318, [-2224]], [493040, [0]], [1, [125]], [530713, [19656]], [-68920, [0]], [1, [-571787]], [-342, [9234]], [4914, [614250]], [1, [79507]], [-658502, [-24416]], [1, [1331]], [-704968, [0]], [2647, [-91027]], [-342, [751374]], [-12166, [0]], [29792, [-804384]], [103824, [0]], [857376, [-6734]], [1, [-27]], [912674, [0]], [117307, [0]], [35209, [-968995]], [-15624, [125]]]],[117, 2, 2, 2, 2, 2, 2, -684, 2, -1456, 2, 2, 2, 2, -684, 6752, 2, 9828, -1456, 2, 2, -684, 2, -24332, 2, -31248, 2, -1456, -684, 2, 6752, 59584, 2, 71876, 9828, -684, -1456, 2, 2, -118636, 2, -137840, -684, 2, 2, 5294, -24332, 207648, 2, 234614, -31248, 9828, 2, 2, -1456, -332748, -684, -370384, 2, 2, 6752, 2, 59584, 497952, 2, 549252, 71876, 2, 9828, -24332, -684, -715820, -1456, -778032, 2, -24498, 2, -684, -118636, 986080, 2, 1061426, -137840, 2, -684, 9828, 2, -1317004, 2, -1409936, 5294, -684, -24332, 59584, 207648, 1714752, 2, 1825348, 234614, 70418, -31248],16.4.e.E.b

17.b,16,4,100,1,[[[0, []], [1, []], [9, []], [26, []], [73, []], [124, []], [234, []], [342, []], [585, []], [703, []], [1116, []], [1330, []], [1898, []], [2198, []], [3078, []], [3224, []], [4681, []], [4913, []], [6327, []], [6860, []], [9052, []], [8892, []], [11970, []], [12166, []], [15210, []], [15501, []], [19782, []], [18980, []], [24966, []], [24388, []], [29016, []], [29790, []], [37449, []], [34580, []], [44217, []], [42408, []], [51319, []], [50652, []], [61740, []], [57148, []], [72540, []], [68920, []], [80028, []], [79508, []], [97090, []], [87172, []], [109494, []], [103824, []], [121706, []], [117307, []], [139509, []], [127738, []], [160454, []], [148878, []], [170820, []], [164920, []], [200070, []], [178360, []], [219492, []], [205380, []], [235352, []], [226980, []], [268110, []], [240426, []], [299593, []], [272552, []], [311220, []], [300764, []], [358649, []], [316316, []], [381672, []], [357910, []], [411255, []], [389016, []], [455868, []], [403026, []], [500780, []], [454860, []], [514332, []], [493038, []], [580444, []], [512461, []], [620280, []], [571788, []], [649116, []], [609212, []], [715572, []], [634088, []], [778050, []], [704970, []], [784548, []], [751716, []], [888118, []], [774540, []], [934416, []], [850640, []], [973674, []], [912672, []], [1055763, []], [934990, []], [1131573, []]]],[0, 1, 9, 26, 73, 124, 234, 342, 585, 703, 1116, 1330, 1898, 2198, 3078, 3224, 4681, 4913, 6327, 6860, 9052, 8892, 11970, 12166, 15210, 15501, 19782, 18980, 24966, 24388, 29016, 29790, 37449, 34580, 44217, 42408, 51319, 50652, 61740, 57148, 72540, 68920, 80028, 79508, 97090, 87172, 109494, 103824, 121706, 117307, 139509, 127738, 160454, 148878, 170820, 164920, 200070, 178360, 219492, 205380, 235352, 226980, 268110, 240426, 299593, 272552, 311220, 300764, 358649, 316316, 381672, 357910, 411255, 389016, 455868, 403026, 500780, 454860, 514332, 493038, 580444, 512461, 620280, 571788, 649116, 609212, 715572, 634088, 778050, 704970, 784548, 751716, 888118, 774540, 934416, 850640, 973674, 912672, 1055763, 934990, 1131573],17.4.b.E.a

17.b,16,4,100,1,[[[82, []], [1, []], [9, []], [-26, []], [73, []], [-124, []], [-234, []], [-342, []], [585, []], [703, []], [-1116, []], [-1330, []], [-1898, []], [2198, []], [-3078, []], [3224, []], [4681, []], [1, []], [6327, []], [6860, []], [-9052, []], [8892, []], [-11970, []], [-12166, []], [-15210, []], [15501, []], [19782, []], [-18980, []], [-24966, []], [-24388, []], [29016, []], [-29790, []], [37449, []], [34580, []], [9, []], [42408, []], [51319, []], [-50652, []], [61740, []], [-57148, []], [-72540, []], [-68920, []], [80028, []], [79508, []], [-97090, []], [-87172, []], [-109494, []], [103824, []], [-121706, []], [117307, []], [139509, []], [-26, []], [160454, []], [148878, []], [-170820, []], [164920, []], [-200070, []], [-178360, []], [-219492, []], [205380, []], [235352, []], [-226980, []], [-268110, []], [-240426, []], [299593, []], [-272552, []], [311220, []], [300764, []], [73, []], [316316, []], [381672, []], [-357910, []], [411255, []], [-389016, []], [-455868, []], [-403026, []], [500780, []], [454860, []], [-514332, []], [-493038, []], [-580444, []], [512461, []], [-620280, []], [571788, []], [649116, []], [-124, []], [715572, []], [634088, []], [-778050, []], [704970, []], [-784548, []], [-751716, []], [-888118, []], [774540, []], [934416, []], [-850640, []], [-973674, []], [-912672, []], [1055763, []], [-934990, []], [1131573, []]]],[82, 1, 9, -26, 73, -124, -234, -342, 585, 703, -1116, -1330, -1898, 2198, -3078, 3224, 4681, 1, 6327, 6860, -9052, 8892, -11970, -12166, -15210, 15501, 19782, -18980, -24966, -24388, 29016, -29790, 37449, 34580, 9, 42408, 51319, -50652, 61740, -57148, -72540, -68920, 80028, 79508, -97090, -87172, -109494, 103824, -121706, 117307, 139509, -26, 160454, 148878, -170820, 164920, -200070, -178360, -219492, 205380, 235352, -226980, -268110, -240426, 299593, -272552, 311220, 300764, 73, 316316, 381672, -357910, 411255, -389016, -455868, -403026, 500780, 454860, -514332, -493038, -580444, 512461, -620280, 571788, 649116, -124, 715572, 634088, -778050, 704970, -784548, -751716, -888118, 774540, 934416, -850640, -973674, -912672, 1055763, -934990, 1131573],17.4.b.E.b

17.c,4,4,100,4,[[[0, [0]], [1, [0]], [7, [0]], [27, [-1]], [57, [0]], [125, [-1]], [189, [-7]], [343, [1]], [455, [0]], [728, [-27]], [875, [-7]], [1331, [1]], [1539, [-57]], [2198, [0]], [2401, [7]], [3374, [-152]], [3641, [0]], [4913, [0]], [5096, [-189]], [6858, [0]], [7125, [-57]], [9262, [-316]], [9317, [7]], [12167, [1]], [12285, [-455]], [15624, [-125]], [15386, [0]], [19656, [-728]], [19551, [57]], [24389, [-1]], [23618, [-1064]], [29791, [-1]], [29127, [0]], [35938, [-1304]], [34391, [0]], [42876, [-218]], [41496, [-1539]], [50653, [-1]], [48006, [0]], [59346, [-2198]], [56875, [-455]], [68921, [1]], [64834, [-2212]], [79506, [0]], [75867, [57]], [90973, [-4103]], [85169, [7]], [103824, [0]], [98307, [-3641]], [117648, [343]], [109368, [-875]], [132651, [-4913]], [125286, [0]], [148876, [0]], [137592, [-5096]], [166376, [-1206]], [156065, [455]], [185166, [-6858]], [170723, [-7]], [205378, [0]], [192318, [-8664]], [226981, [1]], [208537, [-7]], [249731, [-8533]], [233017, [0]], [274750, [-2198]], [251566, [-9128]], [300764, [0]], [280041, [0]], [328510, [-12140]], [300132, [-1526]], [357911, [-1]], [331240, [-12285]], [389017, [-1]], [354571, [-7]], [421723, [-18999]], [390906, [0]], [456532, [1674]], [415422, [-15386]], [493039, [1]], [455125, [-3641]], [530713, [-19656]], [482447, [7]], [571786, [0]], [527934, [-18012]], [614125, [-4913]], [556542, [0]], [658502, [-24416]], [605605, [455]], [704970, [0]], [636811, [-28721]], [753914, [2198]], [693519, [57]], [804356, [-29818]], [726768, [0]], [857250, [-6858]], [786429, [-29127]], [912673, [-1]], [823536, [2401]], [968995, [-35209]], [890568, [-7125]]]],[0, 2, 14, 54, 114, 250, 378, 686, 910, 1456, 1750, 2662, 3078, 4396, 4802, 6748, 7282, 9826, 10192, 13716, 14250, 18524, 18634, 24334, 24570, 31248, 30772, 39312, 39102, 48778, 47236, 59582, 58254, 71876, 68782, 85752, 82992, 101306, 96012, 118692, 113750, 137842, 129668, 159012, 151734, 181946, 170338, 207648, 196614, 235296, 218736, 265302, 250572, 297752, 275184, 332752, 312130, 370332, 341446, 410756, 384636, 453962, 417074, 499462, 466034, 549500, 503132, 601528, 560082, 657020, 600264, 715822, 662480, 778034, 709142, 843446, 781812, 913064, 830844, 986078, 910250, 1061426, 964894, 1143572, 1055868, 1228250, 1113084, 1317004, 1211210, 1409940, 1273622, 1507828, 1387038, 1608712, 1453536, 1714500, 1572858, 1825346, 1647072, 1937990, 1781136],17.4.c.E.a

17.c,4,4,100,4,[[[781/17, [-973/17]], [1, [0]], [-7, [0]], [1, [-27]], [57, [0]], [1, [-125]], [-7, [189]], [1, [343]], [-455, [0]], [-728, [-27]], [-7, [875]], [1, [1331]], [57, [-1539]], [2198, [0]], [-7, [-2401]], [-3374, [-152]], [3641, [0]], [1, [0]], [5096, [189]], [-6858, [0]], [57, [-7125]], [9262, [316]], [-7, [-9317]], [1, [12167]], [-455, [12285]], [-15624, [-125]], [-15386, [0]], [-728, [19656]], [57, [19551]], [1, [-24389]], [23618, [1064]], [1, [-29791]], [-29127, [0]], [35938, [1304]], [-7, [0]], [42876, [218]], [-41496, [-1539]], [1, [-50653]], [48006, [0]], [2198, [-59346]], [-455, [56875]], [1, [68921]], [-64834, [-2212]], [-79506, [0]], [57, [75867]], [-4103, [90973]], [-7, [-85169]], [103824, [0]], [3641, [-98307]], [-117648, [343]], [109368, [875]], [1, [-27]], [125286, [0]], [-148876, [0]], [5096, [-137592]], [166376, [1206]], [-455, [-156065]], [-6858, [185166]], [-7, [170723]], [-205378, [0]], [-192318, [-8664]], [1, [226981]], [-7, [208537]], [8533, [-249731]], [233017, [0]], [2198, [-274750]], [-251566, [-9128]], [300764, [0]], [57, [0]], [328510, [12140]], [-300132, [-1526]], [1, [-357911]], [331240, [12285]], [1, [-389017]], [-7, [354571]], [-18999, [421723]], [-390906, [0]], [-456532, [1674]], [-15386, [415422]], [1, [493039]], [3641, [-455125]], [530713, [19656]], [-7, [-482447]], [-571786, [0]], [527934, [18012]], [1, [-125]], [556542, [0]], [-658502, [-24416]], [-455, [-605605]], [704970, [0]], [28721, [-636811]], [2198, [753914]], [57, [693519]], [-804356, [-29818]], [-726768, [0]], [-6858, [857250]], [-29127, [786429]], [1, [-912673]], [823536, [-2401]], [35209, [-968995]], [-890568, [-7125]]]],[1562/17, 2, -14, 2, 114, 2, -14, 2, -910, -1456, -14, 2, 114, 4396, -14, -6748, 7282, 2, 10192, -13716, 114, 18524, -14, 2, -910, -31248, -30772, -1456, 114, 2, 47236, 2, -58254, 71876, -14, 85752, -82992, 2, 96012, 4396, -910, 2, -129668, -159012, 114, -8206, -14, 207648, 7282, -235296, 218736, 2, 250572, -297752, 10192, 332752, -910, -13716, -14, -410756, -384636, 2, -14, 17066, 466034, 4396, -503132, 601528, 114, 657020, -600264, 2, 662480, 2, -14, -37998, -781812, -913064, -30772, 2, 7282, 1061426, -14, -1143572, 1055868, 2, 1113084, -1317004, -910, 1409940, 57442, 4396, 114, -1608712, -1453536, -13716, -58254, 2, 1647072, 70418, -1781136],17.4.c.E.b

17.d,2,4,100,8,[[[0, [0, 0, 0]], [1, [0, 0, 0]], [8, [0, 1, 0]], [27, [0, 0, -1]], [63, [0, 8, 0]], [125, [0, 0, 1]], [216, [1, 27, -8]], [343, [-1, 0, 0]], [504, [0, 63, 0]], [729, [0, -1, -27]], [1000, [-1, 125, 8]], [1331, [1, 0, 0]], [1701, [8, 216, -63]], [2196, [0, 0, 0]], [2744, [-8, 343, -1]], [3375, [0, 1, -98]], [4033, [0, 504, 0]], [4913, [0, 0, 0]], [5833, [27, 721, -216]], [6859, [0, 1, 0]], [7875, [-8, 1000, 63]], [9260, [-27, 0, -343]], [10648, [8, 1331, 1]], [12167, [1, 0, 0]], [13608, [63, 1701, -504]], [15625, [0, -1, 125]], [17568, [0, 2196, 0]], [19683, [-1, -27, -729]], [21609, [-63, 2744, -8]], [24389, [0, 0, 1]], [26999, [98, 3383, -784]], [29791, [0, 0, -1]], [32264, [0, 4033, 0]], [35938, [27, 0, -1331]], [39304, [0, 4913, 0]], [42876, [-125, 0, 343]], [45935, [216, 5769, -1701]], [50653, [0, 0, -1]], [54871, [0, 6867, 0]], [59292, [0, 0, -2196]], [63000, [-63, 7875, 504]], [68921, [-1, 0, 0]], [74080, [127, 9260, -2771]], [79507, [0, -1, 0]], [83853, [63, 10648, 8]], [91125, [1, -98, -2646]], [97336, [8, 12167, 1]], [103822, [0, 0, 0]], [108891, [504, 13608, -4033]], [117649, [-343, 1, 0]], [125001, [-125, 15617, 1000]], [132651, [0, 0, -4913]], [138348, [0, 17568, 0]], [148877, [0, 1, 0]], [157491, [721, 19467, -5833]], [166374, [125, 0, 1331]], [172872, [-504, 21609, -63]], [185193, [1, 27, -6859]], [195112, [-1, 24389, 8]], [205379, [0, -1, 0]], [212617, [784, 27063, -6174]], [226981, [-1, 0, 0]], [238328, [1, 29791, -8]], [250020, [-729, -343, -9260]], [258111, [0, 32264, 0]], [274500, [0, 0, 2196]], [287504, [1547, 35938, -10621]], [300764, [0, 0, 0]], [309519, [0, 39304, 0]], [328510, [27, 0, -12167]], [343008, [-1343, 42876, 2619]], [357911, [0, 0, -1]], [367479, [1701, 45423, -13608]], [389017, [0, 0, 1]], [405224, [1, 50653, -8]], [421875, [-1, 98, -12250]], [432109, [0, 54935, 0]], [456533, [-988, -1, 0]], [474336, [2196, 59292, -17568]], [493039, [1, 0, 0]], [504125, [-504, 63000, 4033]], [531440, [-27, -729, -19683]], [551368, [-8, 68921, -1]], [571787, [0, 1, 0]], [583380, [1043, 74080, -21825]], [614125, [0, 0, 4913]], [636057, [0, 79499, 0]], [658503, [0, 1, -24362]], [670824, [504, 83853, 63]], [704968, [0, 0, 0]], [729098, [2654, 90341, -21167]], [753228, [-2196, 0, 0]], [766521, [63, 97336, 8]], [804357, [0, -1, -29818]], [830576, [0, 103822, 0]], [857375, [-1, 125, 6859]], [871128, [4033, 108891, -32264]], [912673, [0, 0, 1]], [941191, [-2744, 117657, -343]], [970326, [729, -1331, -35938]], [984383, [-1000, 124937, 7875]]]],[0, 4, 32, 108, 252, 500, 864, 1372, 2016, 2916, 4000, 5324, 6804, 8784, 10976, 13500, 16132, 19652, 23332, 27436, 31500, 37040, 42592, 48668, 54432, 62500, 70272, 78732, 86436, 97556, 107996, 119164, 129056, 143752, 157216, 171504, 183740, 202612, 219484, 237168, 252000, 275684, 296320, 318028, 335412, 364500, 389344, 415288, 435564, 470596, 500004, 530604, 553392, 595508, 629964, 665496, 691488, 740772, 780448, 821516, 850468, 907924, 953312, 1000080, 1032444, 1098000, 1150016, 1203056, 1238076, 1314040, 1372032, 1431644, 1469916, 1556068, 1620896, 1687500, 1728436, 1826132, 1897344, 1972156, 2016500, 2125760, 2205472, 2287148, 2333520, 2456500, 2544228, 2634012, 2683296, 2819872, 2916392, 3012912, 3066084, 3217428, 3322304, 3429500, 3484512, 3650692, 3764764, 3881304, 3937532],17.4.d.E.a

17.d,2,4,100,8,[[[36, [8, 63, -27]], [1, [0, 0, 0]], [1, [0, 8, 0]], [1, [0, 0, -27]], [-63, [0, 8, 0]], [1, [0, 0, 125]], [1, [216, 8, -27]], [1, [-343, 0, 0]], [-63, [0, -504, 0]], [1, [0, -729, -27]], [1, [-1000, 8, 125]], [1, [1331, 0, 0]], [-63, [216, 8, 1701]], [-2196, [0, 0, 0]], [1, [-343, 8, -2744]], [1, [0, 3375, 98]], [4033, [0, -504, 0]], [1, [0, 0, 0]], [5833, [216, -721, -27]], [1, [0, 6859, 0]], [-63, [-1000, 8, -7875]], [-9260, [-343, 0, -27]], [1, [1331, 8, 10648]], [1, [12167, 0, 0]], [-63, [-13608, -504, 1701]], [1, [0, -15625, 125]], [-2196, [0, -17568, 0]], [1, [-19683, -729, -27]], [-63, [21609, 8, -2744]], [1, [0, 0, 24389]], [-26999, [-784, 3383, 98]], [1, [0, 0, -29791]], [4033, [0, 32264, 0]], [35938, [1331, 0, -27]], [1, [0, 8, 0]], [42876, [-343, 0, 125]], [5769, [216, 45935, 1701]], [1, [0, 0, -50653]], [-54871, [0, 6867, 0]], [-2196, [0, 0, 59292]], [-63, [63000, -504, -7875]], [1, [-68921, 0, 0]], [-9260, [-127, -74080, -2771]], [1, [0, -79507, 0]], [-63, [-83853, 8, 10648]], [1, [91125, 2646, 98]], [1, [12167, 8, 97336]], [-103822, [0, 0, 0]], [4033, [-13608, -504, -108891]], [1, [-343, 117649, 0]], [125001, [-1000, -15617, 125]], [1, [0, 0, -27]], [138348, [0, -17568, 0]], [1, [0, 148877, 0]], [5833, [-19467, -721, -157491]], [-166374, [1331, 0, 125]], [-63, [21609, -504, 172872]], [1, [185193, 6859, -27]], [1, [-195112, 8, 24389]], [1, [0, -205379, 0]], [-27063, [-784, -212617, -6174]], [1, [-226981, 0, 0]], [1, [238328, 8, -29791]], [-9260, [-343, -729, 250020]], [-258111, [0, 32264, 0]], [-2196, [0, 0, -274500]], [35938, [1547, 287504, 10621]], [300764, [0, 0, 0]], [-63, [0, 8, 0]], [328510, [12167, 0, -27]], [42876, [-1343, 343008, -2619]], [1, [0, 0, -357911]], [-367479, [-13608, 45423, 1701]], [1, [0, 0, 389017]], [1, [405224, 8, -50653]], [1, [-421875, -12250, 98]], [-54935, [0, -432109, 0]], [1, [988, -456533, 0]], [-2196, [-474336, -17568, 59292]], [1, [493039, 0, 0]], [4033, [63000, -504, 504125]], [-531440, [-19683, -729, -27]], [1, [-68921, 8, -551368]], [1, [0, 571787, 0]], [583380, [21825, -74080, -1043]], [1, [0, 0, 125]], [636057, [0, -79499, 0]], [1, [0, 658503, 24362]], [-63, [-83853, -504, -670824]], [-704968, [0, 0, 0]], [-21167, [90341, 2654, 729098]], [-2196, [753228, 0, 0]], [-63, [-766521, 8, 97336]], [1, [0, -804357, -29818]], [-103822, [0, -830576, 0]], [1, [-857375, 6859, 125]], [4033, [871128, 32264, -108891]], [1, [0, 0, 912673]], [-941191, [-343, 117657, -2744]], [35938, [1331, -729, -970326]], [124937, [-1000, 984383, -7875]]]],[144, 4, 4, 4, -252, 4, 4, 4, -252, 4, 4, 4, -252, -8784, 4, 4, 16132, 4, 23332, 4, -252, -37040, 4, 4, -252, 4, -8784, 4, -252, 4, -107996, 4, 16132, 143752, 4, 171504, 23076, 4, -219484, -8784, -252, 4, -37040, 4, -252, 4, 4, -415288, 16132, 4, 500004, 4, 553392, 4, 23332, -665496, -252, 4, 4, 4, -108252, 4, 4, -37040, -1032444, -8784, 143752, 1203056, -252, 1314040, 171504, 4, -1469916, 4, 4, 4, -219740, 4, -8784, 4, 16132, -2125760, 4, 4, 2333520, 4, 2544228, 4, -252, -2819872, -84668, -8784, -252, 4, -415288, 4, 16132, 4, -3764764, 143752, 499748],17.4.d.E.b

19.c,7,4,100,3,[[[0, [0]], [1, [0]], [8, [1]], [27, [1]], [63, [7]], [125, [1]], [215, [34]], [344, [0]], [505, [56]], [728, [26]], [999, [132]], [1332, [0]], [1694, [245]], [2196, [-1]], [2752, [344]], [3374, [151]], [4040, [449]], [4913, [1]], [5798, [910]], [6859, [0]], [7868, [931]], [9288, [344]], [10656, [1332]], [12166, [-1]], [13579, [1961]], [15624, [124]], [17569, [2189]], [19657, [702]], [21672, [2408]], [24388, [-1]], [26841, [4431]], [29792, [0]], [32319, [3591]], [35964, [1332]], [39303, [4920]], [43000, [344]], [45682, [6552]], [50654, [0]], [54872, [6859]], [59293, [2170]], [63069, [7449]], [68921, [1]], [73960, [11696]], [79507, [1]], [83916, [9324]], [90974, [3952]], [97329, [12159]], [103822, [-1]], [108631, [15714]], [117993, [0]], [124868, [16492]], [132650, [4939]], [138355, [15316]], [148876, [-1]], [156554, [24571]], [166500, [1332]], [173720, [19264]], [185193, [6859]], [195105, [24381]], [205379, [1]], [211505, [32074]], [226980, [-1]], [238336, [29792]], [250432, [8944]], [258553, [28728]], [274501, [2072]], [286380, [45288]], [300762, [-1]], [309512, [34447]], [328483, [12140]], [343656, [45408]], [357911, [1]], [366184, [52442]], [389017, [1]], [405232, [50654]], [421724, [18848]], [432117, [48013]], [458208, [0]], [472174, [74483]], [493039, [1]], [504551, [59716]], [530739, [18955]], [551367, [68928]], [571788, [0]], [582736, [84280]], [614124, [5037]], [636055, [79514]], [658477, [24362]], [672660, [74592]], [704968, [-1]], [723840, [118638]], [755424, [-344]], [766465, [85106]], [804384, [29792]], [830577, [103815]], [857375, [6859]], [869022, [125685]], [912673, [1]], [943944, [117993]], [969696, [34632]], [983444, [116312]]]],[0, 2, 15, 53, 119, 249, 396, 688, 954, 1430, 1866, 2664, 3143, 4393, 5160, 6597, 7631, 9825, 10686, 13718, 14805, 18232, 19980, 24333, 25197, 31124, 32949, 38612, 40936, 48777, 49251, 59584, 61047, 70596, 73686, 85656, 84812, 101308, 102885, 116416, 118689, 137841, 136224, 159013, 158508, 177996, 182499, 207645, 201548, 235986, 233244, 260361, 261394, 297753, 288537, 331668, 328176, 363527, 365829, 410757, 390936, 453961, 446880, 491920, 488378, 546930, 527472, 601525, 584577, 644826, 641904, 715821, 679926, 778033, 759810, 824600, 816221, 916416, 869865, 986077, 949386, 1042523, 1033806, 1143576, 1081192, 1223211, 1192596, 1292592, 1270728, 1409937, 1329042, 1511192, 1447824, 1578976, 1557339, 1707891, 1612359, 1825345, 1769895, 1904760, 1850576],19.4.c.E.a

19.c,7,4,100,3,[[[35, [124]], [1, [0]], [1, [8]], [1, [27]], [-63, [-56]], [1, [125]], [-215, [-181]], [344, [0]], [449, [-56]], [-728, [-702]], [-999, [-867]], [1332, [0]], [1449, [-245]], [-2196, [-2197]], [344, [2752]], [-3374, [-3223]], [449, [4040]], [1, [4913]], [4888, [-910]], [1, [0]], [6937, [-931]], [344, [9288]], [1332, [10656]], [-12166, [-12167]], [1961, [13579]], [-15624, [-15500]], [15380, [-2189]], [18955, [-702]], [-21672, [-19264]], [-24388, [-24389]], [22410, [-4431]], [29792, [0]], [-32319, [-28728]], [1332, [35964]], [-39303, [-34383]], [344, [43000]], [6552, [45682]], [50654, [0]], [1, [8]], [57123, [-2170]], [7449, [63069]], [1, [68921]], [-73960, [-62264]], [1, [79507]], [-83916, [-74592]], [87022, [-3952]], [85170, [-12159]], [-103822, [-103823]], [-108631, [-92917]], [117993, [0]], [108376, [-16492]], [-132650, [-127711]], [15316, [138355]], [-148876, [-148877]], [24571, [156554]], [1332, [166500]], [154456, [-19264]], [1, [27]], [170724, [-24381]], [1, [205379]], [32074, [211505]], [-226980, [-226981]], [29792, [238336]], [-250432, [-241488]], [229825, [-28728]], [272429, [-2072]], [-286380, [-241092]], [-300762, [-300763]], [275065, [-34447]], [316343, [-12140]], [-343656, [-298248]], [1, [357911]], [-366184, [-313742]], [1, [389017]], [50654, [405232]], [402876, [-18848]], [-63, [-56]], [458208, [0]], [74483, [472174]], [1, [493039]], [-504551, [-444835]], [18955, [530739]], [-551367, [-482439]], [571788, [0]], [498456, [-84280]], [-614124, [-609087]], [-636055, [-556541]], [634115, [-24362]], [598068, [-74592]], [-704968, [-704969]], [118638, [723840]], [-755424, [-755768]], [85106, [766465]], [29792, [804384]], [726762, [-103815]], [1, [125]], [743337, [-125685]], [1, [912673]], [117993, [943944]], [-969696, [-935064]], [116312, [983444]]]],[-54, 2, -6, -25, -70, -123, -249, 688, 954, -754, -1131, 2664, 3143, -2195, -2064, -3525, -3142, -4911, 10686, 2, 14805, -8600, -7992, -12165, -9657, -15748, 32949, 38612, -24080, -24387, 49251, 59584, -35910, -33300, -44223, -42312, -32578, 101308, -6, 116416, -48171, -68919, -85656, -79505, -93240, 177996, 182499, -103821, -124345, 235986, 233244, -137589, -107723, -148875, -107412, -163836, 328176, -25, 365829, -205377, -147357, -226979, -178752, -259376, 488378, 546930, -331668, -300761, 584577, 644826, -389064, -357909, -418626, -389015, -303924, 824600, -70, 916416, -323208, -493037, -564267, -492829, -620295, 1143576, 1081192, -619161, -715569, 1292592, 1270728, -704967, -486564, -755080, -596253, -744800, 1557339, -123, 1612359, -912671, -707958, -1004328, -750820],19.4.c.E.b

19.e,4,4,100,9,[[[0, [0, 0, 0, 0, 0]], [1, [0, 0, 0, 0, 0]], [8, [1, 0, 0, 0, 0]], [27, [0, 0, 0, 1, 0]], [64, [8, 1, 0, 0, 0]], [125, [-1, 0, 0, -1, 0]], [216, [27, 0, 0, 8, 1]], [342, [0, 0, -1, 0, 0]], [512, [64, 8, 1, 0, 0]], [729, [0, -1, 0, 27, -1]], [1000, [117, -1, 0, -8, -1]], [1331, [0, 0, 1, 0, 0]], [1727, [216, 27, -1, 64, 8]], [2197, [0, 0, 0, 0, 1]], [2736, [342, 0, -8, -1, 0]], [3375, [-27, 1, 0, 98, 0]], [4096, [512, 64, 8, 1, 0]], [4913, [1, 0, 0, 0, 0]], [5833, [729, -8, 0, 216, 19]], [6859, [0, 0, 0, 0, 0]], [8001, [936, 117, 0, -64, -8]], [9234, [1, 0, -27, 343, 0]], [10648, [1331, 0, 8, 1, 0]], [12167, [0, 1, 0, 0, 0]], [13816, [1727, 216, 19, 511, 64]], [15625, [-125, 0, 0, -125, 1]], [17575, [2197, 0, -1, 0, 8]], [19683, [0, -27, 1, 729, -27]], [21888, [2736, 342, -64, -8, -1]], [24389, [0, -1, 0, 0, -1]], [27000, [3159, -19, 1, 784, 98]], [29790, [0, 0, -1, 0, 0]], [32768, [4096, 512, 64, 8, 1]], [35937, [-1, 0, 27, 1330, 0]], [39304, [4921, 1, 0, 0, 0]], [42750, [-343, 0, -125, -342, 0]], [46637, [5833, 665, -27, 1728, 152]], [50654, [0, 0, 0, 0, 0]], [54872, [6859, 0, 0, 0, 0]], [59320, [0, 0, 0, 2197, 27]], [64008, [7489, 936, 125, -512, -64]], [68921, [0, 0, 0, 1, 0]], [73872, [9242, 1, -216, 2717, 343]], [79507, [-1, 0, 0, -1, 0]], [85184, [10648, 1331, 64, 8, 1]], [91124, [-729, -98, -1, 2646, -125]], [97336, [12167, 8, 1, 0, 0]], [103823, [0, -1, 0, 0, -1]], [110528, [13816, 1727, 152, 4115, 511]], [117306, [0, 0, -342, 0, 0]], [124999, [14625, -125, -1, -1000, -117]], [132651, [27, 0, 0, 4913, 1]], [140600, [17575, 2197, -8, -1, 64]], [148877, [0, 1, 0, 0, 0]], [157491, [19683, -216, 8, 5833, 513]], [166375, [-1330, 0, 125, -1331, 0]], [175105, [21888, 2736, -169, -64, -8]], [185193, [0, 0, 0, 6859, 0]], [195113, [24389, -8, 0, 0, -8]], [205379, [1, 0, 0, 0, 0]], [215902, [25272, 3223, -117, 6273, 784]], [226981, [0, 1, 0, 0, 0]], [238320, [29790, 0, -8, -1, 0]], [249318, [27, -343, -729, 9261, -342]], [262143, [32768, 4096, 511, 64, 8]], [274625, [-2197, 0, 1, -2197, 125]], [287496, [35929, -1, 216, 10667, 1330]], [300763, [0, -1, 0, 0, -1]], [314432, [39368, 4921, 1, 0, 0]], [328508, [0, 27, -1, 12167, 0]], [342000, [40006, -343, -1000, -2861, -342]], [357911, [-1, 0, 0, -1, 0]], [373096, [46637, 5321, 513, 13797, 1216]], [389017, [0, 0, 0, 1, 0]], [405232, [50654, 0, 0, 0, 0]], [421876, [-3375, 125, 0, 12250, 27]], [438976, [54872, 6859, 0, 0, 0]], [455203, [0, 0, -988, 0, 0]], [474533, [59320, 0, -27, 17576, 2413]], [493039, [0, 0, 0, 1, 0]], [512064, [59912, 7489, 1000, -3971, -512]], [531441, [-1, -729, 27, 19682, -729]], [551368, [68921, 0, 0, 8, 1]], [571786, [0, 0, -1, 0, 0]], [590633, [73936, 9242, -2070, 21736, 2717]], [614125, [-4788, -1, 0, -4913, -1]], [636056, [79499, -1, 0, -8, -1]], [658503, [0, -27, 1, 24389, -27]], [681471, [85184, 10648, 1842, 64, 8]], [704969, [0, 0, 0, 0, 1]], [729117, [85292, -1513, 19, 21167, 1646]], [751374, [0, 1, -2197, 0, 343]], [778688, [97336, 12231, 8, 1, 0]], [804330, [1, 0, -27, 29791, 0]], [830585, [103823, -8, 0, 0, -8]], [857375, [-6859, 0, 0, -6859, 0]], [884225, [110528, 13816, 1216, 32920, 4115]], [912673, [1, 0, 0, 0, 0]], [938448, [117306, 0, -2736, -342, 0]], [970299, [-27, -1330, 729, 35910, -1331]], [1000117, [116999, 14625, -8, -8001, -936]]]],[0, 6, 48, 162, 384, 750, 1296, 2055, 3069, 4374, 6000, 7983, 10365, 13182, 16440, 20250, 24552, 29478, 34998, 41154, 48006, 55485, 63864, 73002, 82839, 93750, 105453, 118095, 131520, 146334, 161997, 178743, 196416, 215541, 235824, 256875, 279903, 303924, 329232, 355920, 383673, 413526, 443880, 477042, 510912, 546747, 584013, 622938, 662712, 704862, 749997, 795906, 843624, 893262, 944922, 997875, 1051137, 1111158, 1170678, 1232274, 1295763, 1361886, 1429944, 1498095, 1571325, 1647747, 1724328, 1804578, 1886589, 1971051, 2055000, 2147466, 2237037, 2334102, 2431392, 2531256, 2633856, 2734182, 2847279, 2958234, 3069384, 3188565, 3308208, 3430719, 3550008, 3684750, 3816336, 3951015, 4083300, 4229814, 4374645, 4514835, 4672104, 4826061, 4983510, 5144250, 5301702, 5476038, 5638896, 5819607, 6000726],19.4.e.E.a

19.e,4,4,100,9,[[[1683/19, [936/19, 1125/19, -172/19, 649/19, 504/19]], [1, [0, 0, 0, 0, 0]], [1, [8, 0, 0, 0, 0]], [1, [0, 0, 0, 27, 0]], [1, [8, 64, 0, 0, 0]], [1, [-125, 0, 0, -125, 0]], [1, [8, 0, 0, 27, 216]], [-342, [0, 0, -343, 0, 0]], [1, [8, 64, 512, 0, 0]], [1, [0, -729, 0, 27, -729]], [1, [-117, -1000, 0, -125, -1000]], [1, [0, 0, 1331, 0, 0]], [-1727, [8, 64, -1728, 27, 216]], [1, [0, 0, 0, 0, 2197]], [-342, [-2736, 0, -343, -2744, 0]], [1, [-125, 3375, 0, -98, 0]], [1, [8, 64, 512, 4096, 0]], [1, [4913, 0, 0, 0, 0]], [5833, [8, -729, 0, 27, -513]], [1, [0, 0, 0, 0, 0]], [8001, [-117, -936, 0, -125, -1000]], [-342, [9261, 0, -343, 27, 0]], [1, [8, 0, 1331, 10648, 0]], [1, [0, 12167, 0, 0, 0]], [-1727, [-13816, 64, -1216, -13797, 216]], [1, [-125, 0, 0, -125, 15625]], [-17575, [8, 0, -17576, 0, 2197]], [1, [0, -729, 19683, 27, -729]], [-342, [-2736, -21888, -343, -2744, -21952]], [1, [0, -24389, 0, 0, -24389]], [1, [-117, 2375, 27000, -98, -784]], [-29790, [0, 0, -29791, 0, 0]], [1, [8, 64, 512, 4096, 32768]], [1, [-35937, 0, 1331, -35910, 0]], [1, [4921, 39304, 0, 0, 0]], [-342, [-125, 0, -343, 42750, 0]], [4105, [46664, -665, -1728, 27, -513]], [50654, [0, 0, 0, 0, 0]], [1, [8, 0, 0, 0, 0]], [59320, [0, 0, 0, 27, 2197]], [8001, [63883, -936, 512, -125, -1000]], [1, [0, 0, 0, 68921, 0]], [-342, [6525, 74088, -343, -2717, 216]], [1, [-79507, 0, 0, -79507, 0]], [1, [8, 64, 1331, 10648, 85184]], [-91124, [-125, 2646, -91125, -98, -729]], [1, [8, 12167, 97336, 0, 0]], [1, [0, -103823, 0, 0, -103823]], [-1727, [-13816, -110528, -1216, -9701, -110376]], [-342, [0, 0, 117306, 0, 0]], [-124999, [-117, -1000, -125000, -125, 14625]], [1, [4913, 0, 0, 27, 132651]], [-17575, [-140600, 64, -17576, -140608, 2197]], [1, [0, 148877, 0, 0, 0]], [5833, [8, -729, 19683, 157491, -513]], [1, [166250, 0, 1331, -125, 0]], [175274, [-2736, -21888, 169, -2744, -21952]], [1, [0, 0, 0, 27, 0]], [195113, [8, -24389, 0, 0, -24389]], [1, [205379, 0, 0, 0, 0]], [6273, [-117, 2439, 25272, 215902, -784]], [1, [0, 226981, 0, 0, 0]], [-29790, [-238320, 0, -29791, -238328, 0]], [-342, [9261, -729, -343, 27, 249318]], [-262143, [8, 64, -261632, 4096, 32768]], [1, [-125, 0, 274625, -125, 2197]], [1, [-35929, -287496, 1331, -25262, -287280]], [1, [0, -300763, 0, 0, -300763]], [1, [4921, 39368, 314432, 0, 0]], [-328508, [0, 12167, -328509, 27, 0]], [-342, [-2861, -1000, -343, 40006, 342000]], [1, [-357911, 0, 0, -357911, 0]], [4105, [32840, 372583, -1216, -13797, -513]], [1, [0, 0, 0, 389017, 0]], [50654, [405232, 0, 0, 0, 0]], [421876, [-125, 3375, 0, -98, 15625]], [1, [8, 64, 0, 0, 0]], [456191, [0, 0, 988, 0, 0]], [41744, [474560, 0, -17576, 27, 2413]], [1, [0, 0, 0, 493039, 0]], [8001, [63883, 511064, 512, 3971, -1000]], [1, [-531441, -729, 19683, -531414, -729]], [1, [8, 0, 0, 68921, 551368]], [-571786, [0, 0, -571787, 0, 0]], [-2070, [6525, 52200, 590633, -2717, -21736]], [1, [4788, -614125, 0, -125, -614125]], [1, [-79499, -636056, 0, -79507, -636056]], [1, [0, -24389, 658503, 27, -24389]], [-681471, [8, 64, -679629, 10648, 85184]], [1, [0, 0, 0, 0, 704969]], [-85292, [-729117, 1646, -64125, -729098, -1513]], [-342, [0, 753571, -343, 0, 2197]], [1, [8, 12231, 97336, 778688, 0]], [-29790, [804357, 0, -29791, 27, 0]], [830585, [8, -103823, 0, 0, -103823]], [1, [-125, 0, 0, -125, 0]], [883009, [-13816, -110528, -1216, -9701, -77608]], [1, [912673, 0, 0, 0, 0]], [-342, [-2736, 0, 117306, 938448, 0]], [1, [-35937, 969570, 1331, -35910, -729]], [-116999, [-1000117, -936, -125000, -1000125, 14625]]]],[10614/19, 6, 6, 6, 6, 6, 6, -1023, -1530, 6, 6, -3987, -5178, 6, -1023, 6, -1530, 6, 34998, 6, 48006, -1023, -3987, 6, -6714, 6, -52722, -59043, -1023, 6, -80994, -89367, -1530, -3987, 6, -1023, 29814, 303924, 6, 355920, 46470, 6, -1023, 6, -3987, -273369, -292002, 6, -6714, -353970, -374994, 6, -52722, 6, -24051, -3987, 1051137, 6, 1170678, 6, -38178, 6, -89367, -1023, -787962, -823869, -3987, 6, -943290, -985521, -1023, 6, 28278, 6, 303924, 2531256, 6, 2734182, 303192, 6, 46470, -59043, 6, -1715355, -1784319, 6, 6, -1975503, -2049939, 6, -319377, -1023, -292002, -89367, 4983510, 6, 5301702, 6, -353970, -3987, -326994],19.4.e.E.b

