1.a,1,8,10,1,[[[1/480, []], [1, []], [129, []], [2188, []], [16513, []], [78126, []], [282252, []], [823544, []], [2113665, []], [4785157, []], [10078254, []]]],[1/480, 1, 129, 2188, 16513, 78126, 282252, 823544, 2113665, 4785157, 10078254],1.8.a.E.a

5.b,4,8,10,1,[[[0, []], [1, []], [127, []], [2186, []], [16257, []], [78125, []], [277622, []], [823542, []], [2080895, []], [4780783, []], [9921875, []]]],[0, 1, 127, 2186, 16257, 78125, 277622, 823542, 2080895, 4780783, 9921875],5.8.b.E.a

5.b,4,8,10,1,[[[361, []], [1, []], [-127, []], [-2186, []], [16257, []], [1, []], [277622, []], [-823542, []], [-2080895, []], [4780783, []], [-127, []]]],[361, 1, -127, -2186, 16257, 1, 277622, -823542, -2080895, 4780783, -127],5.8.b.E.b

7.c,2,8,10,3,[[[0, [0]], [1, [0]], [127, [-1]], [2187, [1]], [16256, [-127]], [78124, [-1]], [277750, [-2059]], [823543, [0]], [2080769, [-16256]], [4782968, [2186]], [9921747, [-78252]]]],[0, 2, 255, 4373, 32639, 156249, 557559, 1647086, 4177794, 9563750, 19921746],7.8.c.E.a

7.c,2,8,10,3,[[[20296/7, [-16091/7]], [1, [0]], [-127, [-128]], [1, [2187]], [-127, [16256]], [-78124, [-78125]], [279809, [2059]], [1, [0]], [2097025, [16256]], [-4782968, [-4780782]], [-78252, [9921747]]]],[56683/7, 2, -126, -2185, -16510, -78123, 557559, 2, 4177794, -4785154, -10078251],7.8.c.E.b

8.b,5,8,10,1,[[[0, []], [1, []], [128, []], [2186, []], [16384, []], [78124, []], [279808, []], [823544, []], [2097152, []], [4780783, []], [9999872, []]]],[0, 1, 128, 2186, 16384, 78124, 279808, 823544, 2097152, 4780783, 9999872],8.8.b.E.a

8.b,5,8,10,1,[[[24611/2, []], [1, []], [1, []], [-2186, []], [1, []], [-78124, []], [-2186, []], [823544, []], [1, []], [4780783, []], [-78124, []]]],[24611/2, 1, 1, -2186, 1, -78124, -2186, 823544, 1, 4780783, -78124],8.8.b.E.b

9.c,4,8,10,3,[[[0, [0]], [1, [0]], [128, [1]], [2187, [0]], [16383, [127]], [78124, [-1]], [279936, [2187]], [823543, [1]], [2097025, [16256]], [4782969, [0]], [9999873, [77997]]]],[0, 2, 255, 4374, 32639, 156249, 557685, 1647085, 4177794, 9565938, 19921749],9.8.c.E.a

9.c,4,8,10,3,[[[101428/3, [65897/3]], [1, [0]], [1, [128]], [1, [0]], [-16383, [-16256]], [-78124, [-78125]], [1, [128]], [1, [823543]], [2080769, [-16256]], [1, [0]], [9921876, [-77997]]]],[45653, 2, -126, 2, -16510, -78123, -126, -823541, 4177794, 2, 19921749],9.8.c.E.b

11.c,3,8,10,5,[[[0, [0, 0, 0]], [1, [0, 0, 0]], [127, [-1, -1, -1]], [2187, [0, 1, 0]], [16256, [-128, -128, -127]], [78125, [1, 0, 0]], [277749, [-2186, -2059, -2187]], [823543, [0, 0, 1]], [2080768, [-16384, -16383, -16256]], [4782968, [-1, 2186, -1]], [9921876, [-77997, -78125, -78125]]]],[0, 4, 511, 8747, 65407, 312499, 1117428, 3294171, 8372095, 19129688, 39921751],11.8.c.E.a

11.c,3,8,10,5,[[[382616/11, [-1217784/11, -496983/11, -950035/11]], [1, [0, 0, 0]], [-127, [-128, -128, -128]], [1, [0, 2187, 0]], [-127, [-128, -128, 16256]], [1, [78125, 0, 0]], [-127, [279808, 2059, -128]], [1, [0, 0, 823543]], [-127, [-128, 2097024, 16256]], [-4782968, [-4782969, -4780782, -4782969]], [9999873, [77997, -128, -128]]]],[4195266/11, 4, -124, -2183, -16508, -78121, -282247, -823539, -2113660, -4785152, 39921751],11.8.c.E.b

12.b,11,8,10,1,[[[0, []], [1, []], [128, []], [2187, []], [16384, []], [78124, []], [279936, []], [823542, []], [2097152, []], [4782969, []], [9999872, []]]],[0, 1, 128, 2187, 16384, 78124, 279936, 823542, 2097152, 4782969, 9999872],12.8.b.E.a

12.b,11,8,10,1,[[[257543, []], [1, []], [1, []], [1, []], [1, []], [-78124, []], [1, []], [-823542, []], [1, []], [1, []], [-78124, []]]],[257543, 1, 1, 1, 1, -78124, 1, -823542, 1, 1, -78124],12.8.b.E.b

12.b,11,8,10,1,[[[0, []], [1, []], [-128, []], [-1, []], [16384, []], [-78124, []], [128, []], [823542, []], [-2097152, []], [1, []], [9999872, []]]],[0, 1, -128, -1, 16384, -78124, 128, 823542, -2097152, 1, 9999872],12.8.b.E.c

12.b,11,8,10,1,[[[0, []], [1, []], [-1, []], [-2187, []], [1, []], [78124, []], [2187, []], [-823542, []], [-1, []], [4782969, []], [-78124, []]]],[0, 1, -1, -2187, 1, 78124, 2187, -823542, -1, 4782969, -78124],12.8.b.E.d

13.b,12,8,10,1,[[[0, []], [1, []], [127, []], [2188, []], [16257, []], [78124, []], [277876, []], [823542, []], [2080895, []], [4785157, []], [9921748, []]]],[0, 1, 127, 2188, 16257, 78124, 277876, 823542, 2080895, 4785157, 9921748],13.8.b.E.a

13.b,12,8,10,1,[[[467669, []], [1, []], [-127, []], [2188, []], [16257, []], [-78124, []], [-277876, []], [-823542, []], [-2080895, []], [4785157, []], [9921748, []]]],[467669, 1, -127, 2188, 16257, -78124, -277876, -823542, -2080895, 4785157, 9921748],13.8.b.E.b

13.c,3,8,10,3,[[[0, [0]], [1, [0]], [128, [1]], [2187, [1]], [16383, [127]], [78126, [0]], [279935, [2314]], [823542, [-1]], [2097025, [16256]], [4782968, [2186]], [10000128, [78126]]]],[0, 2, 255, 4373, 32639, 156252, 557556, 1647085, 4177794, 9563750, 19922130],13.8.c.E.a

13.c,3,8,10,3,[[[4958129/13, [6797939/13]], [1, [0]], [1, [128]], [1, [2187]], [-16383, [-16256]], [78126, [0]], [-279935, [-277621]], [-823542, [-823543]], [2080769, [-16256]], [-4782968, [-4780782]], [78126, [10000128]]]],[3118319/13, 2, -126, -2185, -16510, 156252, -282249, -823541, 4177794, -4785154, -9843876],13.8.c.E.b

13.e,4,8,10,3,[[[0, [0]], [1, [0]], [128, [1]], [2187, [-1]], [16383, [129]], [78124, [0]], [279937, [2058]], [823544, [-1]], [2097023, [16512]], [4782968, [-2186]], [9999872, [78124]]]],[0, 2, 257, 4373, 32895, 156248, 561932, 1647087, 4210558, 9563750, 20077868],13.8.e.E.a

13.e,4,8,10,3,[[[267019, [276017]], [1, [0]], [1, [128]], [1, [-2187]], [-16383, [16512]], [-78124, [0]], [279937, [-281995]], [823544, [-823543]], [-2113535, [16512]], [-4782968, [4780782]], [-78124, [-9999872]]]],[810055, 2, 130, -2185, -16254, -156248, 277879, 823545, -4210558, -4785154, -10156120],13.8.e.E.b

15.e,2,8,10,4,[[[0, [0]], [1, [0]], [128, [-1]], [2187, [0]], [16383, [-128]], [78125, [0]], [279936, [-2187]], [823543, [1]], [2097024, [-16383]], [4782969, [0]], [10000000, [-78125]]]],[0, 2, 256, 4374, 32766, 156250, 559872, 1647086, 4194048, 9565938, 20000000],15.8.e.E.a

15.e,2,8,10,4,[[[726389, [-1165121]], [1, [0]], [1, [-128]], [1, [0]], [-16383, [-128]], [1, [0]], [1, [-128]], [1, [823543]], [-16383, [2097024]], [1, [0]], [1, [-128]]]],[1452778, 2, 2, 2, -32766, 2, 2, 2, -32766, 2, 2],15.8.e.E.b

15.e,2,8,10,4,[[[0, [0]], [1, [0]], [-1, [128]], [0, [-2187]], [-16383, [-128]], [-1, [0]], [279936, [2187]], [1, [823543]], [16383, [-2097024]], [-4782969, [0]], [1, [-128]]]],[0, 2, 127*t - 129, -2186*t, 0, -78126, 2059*t + 279937, 823542*t + 823544, -2113407*t - 2080641, -4782970, 77997*t + 10000001],15.8.e.E.c

15.e,2,8,10,4,[[[0, [0]], [1, [0]], [-128, [1]], [0, [-1]], [16383, [-128]], [-78125, [0]], [1, [128]], [823543, [1]], [-2097024, [16383]], [-1, [0]], [10000000, [-78125]]]],[0, 2, -127*t - 129, 2186*t, 0, -78126, -2059*t + 279937, -823542*t + 823544, 2113407*t - 2080641, -4782970, -77997*t + 10000001],15.8.e.E.d

16.e,5,8,10,4,[[[0, [0]], [1, [0]], [128, [0]], [2187, [-1]], [16384, [0]], [78125, [1]], [279936, [-128]], [823542, [0]], [2097152, [0]], [4782968, [-2187]], [10000000, [128]]]],[0, 2, 256, 4374, 32768, 156250, 559872, 1647084, 4194304, 9565936, 20000000],16.8.e.E.a

16.e,5,8,10,4,[[[4116837/2, [-1704527/2]], [1, [0]], [1, [0]], [1, [-2187]], [1, [0]], [1, [78125]], [1, [-2187]], [-823542, [0]], [1, [0]], [-4782968, [-2187]], [1, [78125]]]],[4116837, 2, 2, 2, 2, 2, 2, -1647084, 2, -9565936, 2],16.8.e.E.b

17.b,16,8,10,1,[[[0, []], [1, []], [129, []], [2186, []], [16513, []], [78124, []], [281994, []], [823542, []], [2113665, []], [4780783, []], [10077996, []]]],[0, 1, 129, 2186, 16513, 78124, 281994, 823542, 2113665, 4780783, 10077996],17.8.b.E.a

17.b,16,8,10,1,[[[59901794/17, []], [1, []], [129, []], [-2186, []], [16513, []], [-78124, []], [-281994, []], [-823542, []], [2113665, []], [4780783, []], [-10077996, []]]],[59901794/17, 1, 129, -2186, 16513, -78124, -281994, -823542, 2113665, 4780783, -10077996],17.8.b.E.b

17.c,4,8,10,4,[[[0, [0]], [1, [0]], [127, [0]], [2187, [-1]], [16257, [0]], [78125, [-1]], [277749, [-127]], [823543, [1]], [2080895, [0]], [4782968, [-2187]], [9921875, [-127]]]],[0, 2, 254, 4374, 32514, 156250, 555498, 1647086, 4161790, 9565936, 19843750],17.8.c.E.a

17.c,4,8,10,4,[[[2152373, [-2755829]], [1, [0]], [-127, [0]], [1, [-2187]], [16257, [0]], [1, [-78125]], [-127, [277749]], [1, [823543]], [-2080895, [0]], [-4782968, [-2187]], [-127, [9921875]]]],[4304746, 2, -254, 2, 32514, 2, -254, 2, -4161790, -9565936, -254],17.8.c.E.b

17.d,2,8,10,8,[[[0, [0, 0, 0]], [1, [0, 0, 0]], [128, [0, 1, 0]], [2187, [0, 0, -1]], [16383, [0, 128, 0]], [78125, [0, 0, 1]], [279936, [1, 2187, -128]], [823543, [-1, 0, 0]], [2097024, [0, 16383, 0]], [4782969, [0, -1, -2187]], [10000000, [-1, 78125, 128]]]],[0, 4, 512, 8748, 65532, 312500, 1119744, 3294172, 8388096, 19131876, 40000000],17.8.d.E.a

17.d,2,8,10,8,[[[1442316, [417008, 2926623, -1226187]], [1, [0, 0, 0]], [1, [0, 128, 0]], [1, [0, 0, -2187]], [-16383, [0, 128, 0]], [1, [0, 0, 78125]], [1, [279936, 128, -2187]], [1, [-823543, 0, 0]], [-16383, [0, -2097024, 0]], [1, [0, -4782969, -2187]], [1, [-10000000, 128, 78125]]]],[5769264, 4, 4, 4, -65532, 4, 4, 4, -65532, 4, 4],17.8.d.E.b

19.c,7,8,10,3,[[[0, [0]], [1, [0]], [128, [1]], [2187, [1]], [16383, [127]], [78125, [1]], [279935, [2314]], [823544, [0]], [2097025, [16256]], [4782968, [2186]], [9999999, [78252]]]],[0, 2, 255, 4373, 32639, 156249, 557556, 1647088, 4177794, 9563750, 19921746],19.8.c.E.a

19.c,7,8,10,3,[[[1999955, [8879764]], [1, [0]], [1, [128]], [1, [2187]], [-16383, [-16256]], [1, [78125]], [-279935, [-277621]], [823544, [0]], [2080769, [-16256]], [-4782968, [-4780782]], [-9999999, [-9921747]]]],[-4879854, 2, -126, -2185, -16510, -78123, -282249, 1647088, 4177794, -4785154, -10078251],19.8.c.E.b

19.e,4,8,10,9,[[[0, [0, 0, 0, 0, 0]], [1, [0, 0, 0, 0, 0]], [128, [1, 0, 0, 0, 0]], [2187, [0, 0, 0, 1, 0]], [16384, [128, 1, 0, 0, 0]], [78125, [-1, 0, 0, -1, 0]], [279936, [2187, 0, 0, 128, 1]], [823542, [0, 0, -1, 0, 0]], [2097152, [16384, 128, 1, 0, 0]], [4782969, [0, -1, 0, 2187, -1]], [10000000, [77997, -1, 0, -128, -1]]]],[0, 6, 768, 13122, 98304, 468750, 1679616, 4941255, 12582909, 28697814, 60000000],19.8.e.E.a

19.e,4,8,10,9,[[[114630483/19, [61766736/19, 86317125/19, -14085412/19, 44513689/19, 40777584/19]], [1, [0, 0, 0, 0, 0]], [1, [128, 0, 0, 0, 0]], [1, [0, 0, 0, 2187, 0]], [1, [128, 16384, 0, 0, 0]], [1, [-78125, 0, 0, -78125, 0]], [1, [128, 0, 0, 2187, 279936]], [-823542, [0, 0, -823543, 0, 0]], [1, [128, 16384, 2097152, 0, 0]], [1, [0, -4782969, 0, 2187, -4782969]], [1, [-77997, -10000000, 0, -78125, -10000000]]]],[730039134/19, 6, 6, 6, 6, 6, 6, -2470623, -6291450, 6, 6],19.8.e.E.b

