1.a,1,6,10,1,[[[-1/504, []], [1, []], [33, []], [244, []], [1057, []], [3126, []], [8052, []], [16808, []], [33825, []], [59293, []], [103158, []]]],[-1/504, 1, 33, 244, 1057, 3126, 8052, 16808, 33825, 59293, 103158],1.6.a.E.a

5.b,4,6,10,1,[[[0, []], [1, []], [31, []], [242, []], [993, []], [3125, []], [7502, []], [16806, []], [31775, []], [58807, []], [96875, []]]],[0, 1, 31, 242, 993, 3125, 7502, 16806, 31775, 58807, 96875],5.6.b.E.a

5.b,4,6,10,1,[[[-67/5, []], [1, []], [-31, []], [-242, []], [993, []], [1, []], [7502, []], [-16806, []], [-31775, []], [58807, []], [-31, []]]],[-67/5, 1, -31, -242, 993, 1, 7502, -16806, -31775, 58807, -31],5.6.b.E.b

7.c,2,6,10,3,[[[0, [0]], [1, [0]], [31, [-1]], [243, [1]], [992, [-31]], [3124, [-1]], [7534, [-211]], [16807, [0]], [31745, [-992]], [59048, [242]], [96843, [-3156]]]],[0, 2, 63, 485, 2015, 6249, 15279, 33614, 64482, 117854, 196842],7.6.c.E.a

7.c,2,6,10,3,[[[-56, [43]], [1, [0]], [-31, [-32]], [1, [243]], [-31, [992]], [-3124, [-3125]], [7745, [211]], [1, [0]], [32737, [992]], [-59048, [-58806]], [-3156, [96843]]]],[-155, 2, -30, -241, -1054, -3123, 15279, 2, 64482, -59290, -103155],7.6.c.E.b

8.b,5,6,10,1,[[[0, []], [1, []], [32, []], [242, []], [1024, []], [3124, []], [7744, []], [16808, []], [32768, []], [58807, []], [99968, []]]],[0, 1, 32, 242, 1024, 3124, 7744, 16808, 32768, 58807, 99968],8.6.b.E.a

8.b,5,6,10,1,[[[-361/2, []], [1, []], [1, []], [-242, []], [1, []], [-3124, []], [-242, []], [16808, []], [1, []], [58807, []], [-3124, []]]],[-361/2, 1, 1, -242, 1, -3124, -242, 16808, 1, 58807, -3124],8.6.b.E.b

9.c,4,6,10,3,[[[0, [0]], [1, [0]], [32, [1]], [243, [0]], [1023, [31]], [3124, [-1]], [7776, [243]], [16807, [1]], [32737, [992]], [59049, [0]], [99969, [3093]]]],[0, 2, 63, 486, 2015, 6249, 15309, 33613, 64482, 118098, 196845],9.6.c.E.a

9.c,4,6,10,3,[[[-1172/3, [-751/3]], [1, [0]], [1, [32]], [1, [0]], [-1023, [-992]], [-3124, [-3125]], [1, [32]], [1, [16807]], [31745, [-992]], [1, [0]], [96876, [-3093]]]],[-531, 2, -30, 2, -1054, -3123, -30, -16805, 64482, 2, 196845],9.6.c.E.b

11.c,3,6,10,5,[[[0, [0, 0, 0]], [1, [0, 0, 0]], [31, [-1, -1, -1]], [243, [0, 1, 0]], [992, [-32, -32, -31]], [3125, [1, 0, 0]], [7533, [-242, -211, -243]], [16807, [0, 0, 1]], [31744, [-1024, -1023, -992]], [59048, [-1, 242, -1]], [96876, [-3093, -3125, -3125]]]],[0, 4, 127, 971, 4063, 12499, 30828, 67227, 130015, 235952, 396847],11.6.c.E.a

11.c,3,6,10,5,[[[-3064/11, [9336/11, 3873/11, 7325/11]], [1, [0, 0, 0]], [-31, [-32, -32, -32]], [1, [0, 243, 0]], [-31, [-32, -32, 992]], [1, [3125, 0, 0]], [-31, [7744, 211, -32]], [1, [0, 0, 16807]], [-31, [-32, 32736, 992]], [-59048, [-59049, -58806, -59049]], [99969, [3093, -32, -32]]]],[-32790/11, 4, -28, -239, -1052, -3121, -8047, -16803, -33820, -59288, 396847],11.6.c.E.b

12.b,11,6,10,1,[[[0, []], [1, []], [32, []], [243, []], [1024, []], [3124, []], [7776, []], [16806, []], [32768, []], [59049, []], [99968, []]]],[0, 1, 32, 243, 1024, 3124, 7776, 16806, 32768, 59049, 99968],12.6.b.E.a

12.b,11,6,10,1,[[[-1681, []], [1, []], [1, []], [1, []], [1, []], [-3124, []], [1, []], [-16806, []], [1, []], [1, []], [-3124, []]]],[-1681, 1, 1, 1, 1, -3124, 1, -16806, 1, 1, -3124],12.6.b.E.b

12.b,11,6,10,1,[[[0, []], [1, []], [-32, []], [-1, []], [1024, []], [-3124, []], [32, []], [16806, []], [-32768, []], [1, []], [99968, []]]],[0, 1, -32, -1, 1024, -3124, 32, 16806, -32768, 1, 99968],12.6.b.E.c

12.b,11,6,10,1,[[[0, []], [1, []], [-1, []], [-243, []], [1, []], [3124, []], [243, []], [-16806, []], [-1, []], [59049, []], [-3124, []]]],[0, 1, -1, -243, 1, 3124, 243, -16806, -1, 59049, -3124],12.6.b.E.d

13.b,12,6,10,1,[[[0, []], [1, []], [31, []], [244, []], [993, []], [3124, []], [7564, []], [16806, []], [31775, []], [59293, []], [96844, []]]],[0, 1, 31, 244, 993, 3124, 7564, 16806, 31775, 59293, 96844],13.6.b.E.a

13.b,12,6,10,1,[[[-33463/13, []], [1, []], [-31, []], [244, []], [993, []], [-3124, []], [-7564, []], [-16806, []], [-31775, []], [59293, []], [96844, []]]],[-33463/13, 1, -31, 244, 993, -3124, -7564, -16806, -31775, 59293, 96844],13.6.b.E.b

13.c,3,6,10,3,[[[0, [0]], [1, [0]], [32, [1]], [243, [1]], [1023, [31]], [3126, [0]], [7775, [274]], [16806, [-1]], [32737, [992]], [59048, [242]], [100032, [3126]]]],[0, 2, 63, 485, 2015, 6252, 15276, 33613, 64482, 117854, 196938],13.6.c.E.a

13.c,3,6,10,3,[[[-2131, [-2881]], [1, [0]], [1, [32]], [1, [243]], [-1023, [-992]], [3126, [0]], [-7775, [-7501]], [-16806, [-16807]], [31745, [-992]], [-59048, [-58806]], [3126, [100032]]]],[-1381, 2, -30, -241, -1054, 6252, -8049, -16805, 64482, -59290, -93780],13.6.c.E.b

13.e,4,6,10,3,[[[0, [0]], [1, [0]], [32, [1]], [243, [-1]], [1023, [33]], [3124, [0]], [7777, [210]], [16808, [-1]], [32735, [1056]], [59048, [-242]], [99968, [3124]]]],[0, 2, 65, 485, 2079, 6248, 15764, 33615, 66526, 117854, 203060],13.6.e.E.a

13.e,4,6,10,3,[[[-1517, [-1519]], [1, [0]], [1, [32]], [1, [-243]], [-1023, [1056]], [-3124, [0]], [7777, [-7987]], [16808, [-16807]], [-33791, [1056]], [-59048, [58806]], [-3124, [-99968]]]],[-4553, 2, 34, -241, -990, -6248, 7567, 16809, -66526, -59290, -106216],13.6.e.E.b

15.e,2,6,10,4,[[[0, [0]], [1, [0]], [32, [-1]], [243, [0]], [1023, [-32]], [3125, [0]], [7776, [-243]], [16807, [1]], [32736, [-1023]], [59049, [0]], [100000, [-3125]]]],[0, 2, 64, 486, 2046, 6250, 15552, 33614, 65472, 118098, 200000],15.6.e.E.a

15.e,2,6,10,4,[[[-3091, [4831]], [1, [0]], [1, [-32]], [1, [0]], [-1023, [-32]], [1, [0]], [1, [-32]], [1, [16807]], [-1023, [32736]], [1, [0]], [1, [-32]]]],[-6182, 2, 2, 2, -2046, 2, 2, 2, -2046, 2, 2],15.6.e.E.b

15.e,2,6,10,4,[[[0, [0]], [1, [0]], [-1, [32]], [0, [-243]], [-1023, [-32]], [-1, [0]], [7776, [243]], [1, [16807]], [1023, [-32736]], [-59049, [0]], [1, [-32]]]],[0, 2, 31*t - 33, -242*t, 0, -3126, 211*t + 7777, 16806*t + 16808, -33759*t - 31713, -59050, 3093*t + 100001],15.6.e.E.c

15.e,2,6,10,4,[[[0, [0]], [1, [0]], [-32, [1]], [0, [-1]], [1023, [-32]], [-3125, [0]], [1, [32]], [16807, [1]], [-32736, [1023]], [-1, [0]], [100000, [-3125]]]],[0, 2, -31*t - 33, 242*t, 0, -3126, -211*t + 7777, -16806*t + 16808, 33759*t - 31713, -59050, -3093*t + 100001],15.6.e.E.d

16.e,5,6,10,4,[[[0, [0]], [1, [0]], [32, [0]], [243, [-1]], [1024, [0]], [3125, [1]], [7776, [-32]], [16806, [0]], [32768, [0]], [59048, [-243]], [100000, [32]]]],[0, 2, 64, 486, 2048, 6250, 15552, 33612, 65536, 118096, 200000],16.6.e.E.a

16.e,5,6,10,4,[[[-15123/2, [6241/2]], [1, [0]], [1, [0]], [1, [-243]], [1, [0]], [1, [3125]], [1, [-243]], [-16806, [0]], [1, [0]], [-59048, [-243]], [1, [3125]]]],[-15123, 2, 2, 2, 2, 2, 2, -33612, 2, -118096, 2],16.6.e.E.b

17.b,16,6,10,1,[[[0, []], [1, []], [33, []], [242, []], [1057, []], [3124, []], [7986, []], [16806, []], [33825, []], [58807, []], [103092, []]]],[0, 1, 33, 242, 1057, 3124, 7986, 16806, 33825, 58807, 103092],17.6.b.E.a

17.b,16,6,10,1,[[[-11582, []], [1, []], [33, []], [-242, []], [1057, []], [-3124, []], [-7986, []], [-16806, []], [33825, []], [58807, []], [-103092, []]]],[-11582, 1, 33, -242, 1057, -3124, -7986, -16806, 33825, 58807, -103092],17.6.b.E.b

17.c,4,6,10,4,[[[0, [0]], [1, [0]], [31, [0]], [243, [-1]], [993, [0]], [3125, [-1]], [7533, [-31]], [16807, [1]], [31775, [0]], [59048, [-243]], [96875, [-31]]]],[0, 2, 62, 486, 1986, 6250, 15066, 33614, 63550, 118096, 193750],17.6.c.E.a

17.c,4,6,10,4,[[[-6931, [8851]], [1, [0]], [-31, [0]], [1, [-243]], [993, [0]], [1, [-3125]], [-31, [7533]], [1, [16807]], [-31775, [0]], [-59048, [-243]], [-31, [96875]]]],[-13862, 2, -62, 2, 1986, 2, -62, 2, -63550, -118096, -62],17.6.c.E.b

17.d,2,6,10,8,[[[0, [0, 0, 0]], [1, [0, 0, 0]], [32, [0, 1, 0]], [243, [0, 0, -1]], [1023, [0, 32, 0]], [3125, [0, 0, 1]], [7776, [1, 243, -32]], [16807, [-1, 0, 0]], [32736, [0, 1023, 0]], [59049, [0, -1, -243]], [100000, [-1, 3125, 32]]]],[0, 4, 128, 972, 4092, 12500, 31104, 67228, 130944, 236196, 400000],17.6.d.E.a

17.d,2,6,10,8,[[[-81708/17, [-22352/17, -160881/17, 67869/17]], [1, [0, 0, 0]], [1, [0, 32, 0]], [1, [0, 0, -243]], [-1023, [0, 32, 0]], [1, [0, 0, 3125]], [1, [7776, 32, -243]], [1, [-16807, 0, 0]], [-1023, [0, -32736, 0]], [1, [0, -59049, -243]], [1, [-100000, 32, 3125]]]],[-326832/17, 4, 4, 4, -4092, 4, 4, 4, -4092, 4, 4],17.6.d.E.b

19.c,7,6,10,3,[[[0, [0]], [1, [0]], [32, [1]], [243, [1]], [1023, [31]], [3125, [1]], [7775, [274]], [16808, [0]], [32737, [992]], [59048, [242]], [99999, [3156]]]],[0, 2, 63, 485, 2015, 6249, 15276, 33616, 64482, 117854, 196842],19.6.c.E.a

19.c,7,6,10,3,[[[-103279/19, [-437948/19]], [1, [0]], [1, [32]], [1, [243]], [-1023, [-992]], [1, [3125]], [-7775, [-7501]], [16808, [0]], [31745, [-992]], [-59048, [-58806]], [-99999, [-96843]]]],[231390/19, 2, -30, -241, -1054, -3123, -8049, 33616, 64482, -59290, -103155],19.6.c.E.b

19.e,4,6,10,9,[[[0, [0, 0, 0, 0, 0]], [1, [0, 0, 0, 0, 0]], [32, [1, 0, 0, 0, 0]], [243, [0, 0, 0, 1, 0]], [1024, [32, 1, 0, 0, 0]], [3125, [-1, 0, 0, -1, 0]], [7776, [243, 0, 0, 32, 1]], [16806, [0, 0, -1, 0, 0]], [32768, [1024, 32, 1, 0, 0]], [59049, [0, -1, 0, 243, -1]], [100000, [3093, -1, 0, -32, -1]]]],[0, 6, 192, 1458, 6144, 18750, 46656, 100839, 196605, 354294, 600000],19.6.e.E.a

19.e,4,6,10,9,[[[-15807, [-8592, -11625, 1868, -6149, -5424]], [1, [0, 0, 0, 0, 0]], [1, [32, 0, 0, 0, 0]], [1, [0, 0, 0, 243, 0]], [1, [32, 1024, 0, 0, 0]], [1, [-3125, 0, 0, -3125, 0]], [1, [32, 0, 0, 243, 7776]], [-16806, [0, 0, -16807, 0, 0]], [1, [32, 1024, 32768, 0, 0]], [1, [0, -59049, 0, 243, -59049]], [1, [-3093, -100000, 0, -3125, -100000]]]],[-100446, 6, 6, 6, 6, 6, 6, -50415, -98298, 6, 6],19.6.e.E.b

