3.b,2,7,10,1,[[[0, []], [1, []], [63, []], [729, []], [4033, []], [15624, []], [45927, []], [117650, []], [258111, []], [531441, []], [984312, []]]],[0, 1, 63, 729, 4033, 15624, 45927, 117650, 258111, 531441, 984312],3.7.b.E.a

3.b,2,7,10,1,[[[-7/3, []], [1, []], [-63, []], [1, []], [4033, []], [-15624, []], [-63, []], [117650, []], [-258111, []], [1, []], [984312, []]]],[-7/3, 1, -63, 1, 4033, -15624, -63, 117650, -258111, 1, 984312],3.7.b.E.b

4.b,3,7,10,1,[[[0, []], [1, []], [64, []], [728, []], [4096, []], [15626, []], [46592, []], [117648, []], [262144, []], [530713, []], [1000064, []]]],[0, 1, 64, 728, 4096, 15626, 46592, 117648, 262144, 530713, 1000064],4.7.b.E.a

4.b,3,7,10,1,[[[-61/4, []], [1, []], [1, []], [-728, []], [1, []], [15626, []], [-728, []], [-117648, []], [1, []], [530713, []], [15626, []]]],[-61/4, 1, 1, -728, 1, 15626, -728, -117648, 1, 530713, 15626],4.7.b.E.b

5.c,2,7,10,4,[[[0, [0]], [1, [0]], [64, [1]], [729, [-1]], [4095, [64]], [15625, [0]], [46657, [665]], [117649, [1]], [262080, [4095]], [531440, [-729]], [1000000, [15625]]]],[0, 2, 128, 1458, 8190, 31250, 93314, 235298, 524160, 1062880, 2000000],5.7.c.E.a

5.c,2,7,10,4,[[[-278/5, [-169/5]], [1, [0]], [1, [64]], [1, [-729]], [-4095, [64]], [1, [0]], [46657, [-665]], [1, [117649]], [-4095, [-262080]], [-531440, [-729]], [1, [64]]]],[-556/5, 2, 2, 2, -8190, 2, 93314, 2, -8190, -1062880, 2],5.7.c.E.b

7.b,6,7,10,1,[[[0, []], [1, []], [65, []], [728, []], [4161, []], [15624, []], [47320, []], [117649, []], [266305, []], [530713, []], [1015560, []]]],[0, 1, 65, 728, 4161, 15624, 47320, 117649, 266305, 530713, 1015560],7.7.b.E.a

7.b,6,7,10,1,[[[-584, []], [1, []], [65, []], [-728, []], [4161, []], [-15624, []], [-47320, []], [1, []], [266305, []], [530713, []], [-1015560, []]]],[-584, 1, 65, -728, 4161, -15624, -47320, 1, 266305, 530713, -1015560],7.7.b.E.b

7.d,3,7,10,3,[[[0, [0]], [1, [0]], [63, [1]], [729, [1]], [4032, [63]], [15626, [-1]], [45926, [793]], [117649, [0]], [258049, [4032]], [531440, [730]], [984439, [15562]]]],[0, 2, 127, 1459, 8127, 31251, 92645, 235298, 520130, 1063610, 1984440],7.7.d.E.a

7.d,3,7,10,3,[[[3900/49, [-30049/49]], [1, [0]], [-63, [64]], [1, [729]], [-63, [-4032]], [15626, [-15625]], [-46719, [793]], [1, [0]], [262081, [-4032]], [-531440, [532170]], [15562, [984439]]]],[-22249/49, 2, -62, 731, -4158, 15627, -92645, 2, 520130, -530710, 1015563],7.7.d.E.b

8.d,3,7,10,1,[[[0, []], [1, []], [64, []], [730, []], [4096, []], [15624, []], [46720, []], [117648, []], [262144, []], [532171, []], [999936, []]]],[0, 1, 64, 730, 4096, 15624, 46720, 117648, 262144, 532171, 999936],8.7.d.E.a

8.d,3,7,10,1,[[[-2763/2, []], [1, []], [1, []], [730, []], [1, []], [-15624, []], [730, []], [-117648, []], [1, []], [532171, []], [-15624, []]]],[-2763/2, 1, 1, 730, 1, -15624, 730, -117648, 1, 532171, -15624],8.7.d.E.b

9.d,2,7,10,3,[[[0, [0]], [1, [0]], [64, [1]], [729, [0]], [4095, [65]], [15626, [-1]], [46656, [729]], [117649, [-1]], [262079, [4160]], [531441, [0]], [1000065, [15561]]]],[0, 2, 129, 1458, 8255, 31251, 94041, 235297, 528318, 1062882, 2015691],9.7.d.E.a

9.d,2,7,10,3,[[[-1862/3, [-7865/3]], [1, [0]], [1, [64]], [1, [0]], [-4095, [4160]], [15626, [-15625]], [1, [64]], [1, [-117649]], [-266239, [4160]], [1, [0]], [1015626, [-15561]]]],[-3863, 2, 66, 2, -4030, 15627, 66, -117647, -528318, 2, 2015691],9.7.d.E.b

11.b,10,7,10,1,[[[0, []], [1, []], [63, []], [730, []], [4033, []], [15626, []], [45990, []], [117648, []], [258111, []], [532171, []], [984438, []]]],[0, 1, 63, 730, 4033, 15626, 45990, 117648, 258111, 532171, 984438],11.7.b.E.a

11.b,10,7,10,1,[[[-10863, []], [1, []], [-63, []], [730, []], [4033, []], [15626, []], [-45990, []], [-117648, []], [-258111, []], [532171, []], [-984438, []]]],[-10863, 1, -63, 730, 4033, 15626, -45990, -117648, -258111, 532171, -984438],11.7.b.E.b

11.d,2,7,10,5,[[[0, [0, 0, 0]], [1, [0, 0, 0]], [64, [1, 0, 0]], [729, [0, 0, -1]], [4096, [64, 1, 0]], [15624, [1, -1, 1]], [46657, [728, 1, -65]], [117649, [0, -1, 0]], [262144, [4096, 64, 1]], [531441, [-1, 0, -729]], [999935, [15689, -64, 64]]]],[0, 4, 257, 2915, 16447, 62499, 187290, 470597, 1052609, 2125034, 4015557],11.7.d.E.a

11.d,2,7,10,5,[[[-19630/11, [-86606/11, -34149/11, 51495/11]], [1, [0, 0, 0]], [1, [64, 0, 0]], [1, [0, 0, -729]], [1, [64, 4096, 0]], [-15624, [15625, -15625, 15625]], [46657, [-46592, 46656, -47385]], [1, [0, -117649, 0]], [1, [64, 4096, 262144]], [1, [-531441, 0, -729]], [-1015624, [15689, -15625, 15625]]]],[-79482/11, 4, 68, -725, -4028, -15621, 45995, 117653, 258116, -532166, -4015557],11.7.d.E.b

13.d,5,7,10,4,[[[0, [0]], [1, [0]], [64, [-1]], [730, [0]], [4095, [-64]], [15625, [-1]], [46720, [-730]], [117649, [1]], [262080, [-4095]], [532171, [0]], [999999, [-15689]]]],[0, 2, 128, 1460, 8190, 31250, 93440, 235298, 524160, 1064342, 1999998],13.7.d.E.a

13.d,5,7,10,4,[[[-9639, [30960]], [1, [0]], [1, [-64]], [730, [0]], [-4095, [-64]], [1, [-15625]], [730, [-46720]], [1, [117649]], [-4095, [262080]], [532171, [0]], [-999999, [-15689]]]],[-19278, 2, 2, 1460, -8190, 2, 1460, 2, -8190, 1064342, -1999998],13.7.d.E.b

13.f,2,7,10,12,[[[0, [0, 0, 0]], [1, [0, 0, 0]], [64, [1, 0, 0]], [728, [0, 1, 0]], [4096, [64, 1, 0]], [15625, [0, 0, -1]], [46592, [728, 64, 1]], [117649, [1, 0, -1]], [262144, [4096, 64, 1]], [530712, [0, 728, 0]], [1000001, [15625, -1, -64]]]],[0, 4, 256, 2914, 16386, 62500, 186496, 470596, 1048704, 2124304, 4000002],13.7.f.E.a

13.f,2,7,10,12,[[[122113/13, [-138926/13, -449645/13, 98113/13]], [1, [0, 0, 0]], [1, [64, 0, 0]], [-728, [0, 729, 0]], [1, [64, 4096, 0]], [1, [0, 0, -15625]], [-728, [-46592, 729, 46656]], [1, [117649, 0, -117649]], [1, [64, 4096, 262144]], [-728, [0, -530712, 0]], [1000001, [64, -1000000, -15625]]]],[-410838/13, 4, 4, -1454, 8196, 4, -1454, 4, 8196, -1064336, 2000004],13.7.f.E.b

15.d,14,7,10,1,[[[0, []], [1, []], [65, []], [729, []], [4161, []], [15625, []], [47385, []], [117648, []], [266305, []], [531441, []], [1015625, []]]],[0, 1, 65, 729, 4161, 15625, 47385, 117648, 266305, 531441, 1015625],15.7.d.E.a

15.d,14,7,10,1,[[[-82808, []], [1, []], [65, []], [1, []], [4161, []], [1, []], [65, []], [-117648, []], [266305, []], [1, []], [65, []]]],[-82808, 1, 65, 1, 4161, 1, 65, -117648, 266305, 1, 65],15.7.d.E.b

15.d,14,7,10,1,[[[0, []], [1, []], [-65, []], [-729, []], [4161, []], [-1, []], [47385, []], [-117648, []], [-266305, []], [531441, []], [65, []]]],[0, 1, -65, -729, 4161, -1, 47385, -117648, -266305, 531441, 65],15.7.d.E.c

15.d,14,7,10,1,[[[0, []], [1, []], [-65, []], [-1, []], [4161, []], [-15625, []], [65, []], [117648, []], [-266305, []], [1, []], [1015625, []]]],[0, 1, -65, -1, 4161, -15625, 65, 117648, -266305, 1, 1015625],15.7.d.E.d

16.f,3,7,10,4,[[[0, [0]], [1, [0]], [64, [0]], [729, [-1]], [4096, [0]], [15625, [-1]], [46656, [-64]], [117650, [0]], [262144, [0]], [531440, [-729]], [1000000, [-64]]]],[0, 2, 128, 1458, 8192, 31250, 93312, 235300, 524288, 1062880, 2000000],16.7.f.E.a

16.f,3,7,10,4,[[[-95767/2, [230895/2]], [1, [0]], [1, [0]], [1, [-729]], [1, [0]], [1, [-15625]], [1, [-729]], [117650, [0]], [1, [0]], [-531440, [-729]], [1, [-15625]]]],[-95767, 2, 2, 2, 2, 2, 2, 235300, 2, -1062880, 2],16.7.f.E.b

17.e,3,7,10,16,[[[0, [0, 0, 0, 0, 0, 0, 0]], [1, [0, 0, 0, 0, 0, 0, 0]], [64, [0, 0, 0, 0, 0, -1, 0]], [729, [1, 0, 0, 0, 0, 0, 0]], [4096, [0, 0, 0, -1, 0, -64, 0]], [15625, [0, 0, 0, 0, 1, 0, 0]], [46656, [64, 0, 0, 0, 0, -729, -1]], [117649, [0, 0, -1, 0, 0, 0, 0]], [262144, [0, -1, 0, -64, 0, -4096, 0]], [531441, [729, 1, 0, 0, 0, 0, 0]], [1000000, [0, 0, 1, 0, 64, -15625, 0]]]],[0, 8, 512, 5832, 32768, 125000, 373248, 941192, 2097152, 4251528, 8000000],17.7.e.E.a

17.e,3,7,10,16,[[[-560920/17, [-1377497/17, 276852/17, 794555/17, 1523418/17, -1463410/17, 1042145/17, 1208515/17]], [1, [0, 0, 0, 0, 0, 0, 0]], [1, [0, 0, 0, 0, 0, -64, 0]], [1, [729, 0, 0, 0, 0, 0, 0]], [1, [0, 0, 0, -4096, 0, -64, 0]], [1, [0, 0, 0, 0, 15625, 0, 0]], [1, [729, 0, 0, 0, 0, -64, -46656]], [1, [0, 0, -117649, 0, 0, 0, 0]], [1, [0, -262144, 0, -4096, 0, -64, 0]], [1, [729, 531441, 0, 0, 0, 0, 0]], [1, [0, 0, 1000000, 0, 15625, -64, 0]]]],[-4487360/17, 8, 8, 8, 8, 8, 8, 8, 8, 8, 8],17.7.e.E.b

19.b,18,7,10,1,[[[0, []], [1, []], [63, []], [728, []], [4033, []], [15626, []], [45864, []], [117650, []], [258111, []], [530713, []], [984438, []]]],[0, 1, 63, 728, 4033, 15626, 45864, 117650, 258111, 530713, 984438],19.7.b.E.a

19.b,18,7,10,1,[[[-378791, []], [1, []], [-63, []], [-728, []], [4033, []], [15626, []], [45864, []], [117650, []], [-258111, []], [530713, []], [-984438, []]]],[-378791, 1, -63, -728, 4033, 15626, 45864, 117650, -258111, 530713, -984438],19.7.b.E.b

19.d,8,7,10,3,[[[0, [0]], [1, [0]], [64, [1]], [729, [1]], [4095, [65]], [15625, [-1]], [46655, [794]], [117650, [0]], [262079, [4160]], [531440, [730]], [1000001, [15560]]]],[0, 2, 129, 1459, 8255, 31249, 94104, 235300, 528318, 1063610, 2015562],19.7.d.E.a

19.d,8,7,10,3,[[[255241, [-441000]], [1, [0]], [1, [64]], [1, [729]], [-4095, [4160]], [1, [-15625]], [-46655, [47449]], [117650, [0]], [-266239, [4160]], [-531440, [532170]], [1000001, [-1015561]]]],[69482, 2, 66, 731, -4030, -15623, -45861, 235300, -528318, -530710, 984441],19.7.d.E.b

19.f,2,7,10,9,[[[0, [0, 0, 0, 0, 0]], [1, [0, 0, 0, 0, 0]], [64, [1, 0, 0, 0, 0]], [729, [0, 0, 0, -1, 0]], [4096, [64, 1, 0, 0, 0]], [15625, [1, 0, 0, -1, 0]], [46656, [729, 0, 0, -64, -1]], [117648, [0, 0, 1, 0, 0]], [262144, [4096, 64, 1, 0, 0]], [531441, [0, -1, 0, -729, 1]], [1000000, [15689, 1, 0, -64, -1]]]],[0, 6, 384, 4374, 24576, 93750, 279936, 705891, 1572867, 3188646, 6000000],19.7.f.E.a

19.f,2,7,10,9,[[[1326019/19, [-5384170/19, -2698535/19, -3988854/19, 6123689/19, 2489416/19]], [1, [0, 0, 0, 0, 0]], [1, [64, 0, 0, 0, 0]], [1, [0, 0, 0, -729, 0]], [1, [64, 4096, 0, 0, 0]], [1, [15625, 0, 0, -15625, 0]], [1, [64, 0, 0, -729, -46656]], [-117648, [0, 0, 117649, 0, 0]], [1, [64, 4096, 262144, 0, 0]], [1, [0, -531441, 0, -729, 531441]], [1, [15689, 1000000, 0, -15625, -1000000]]]],[-4010448/19, 6, 6, 6, 6, 6, 6, -352941, 786438, 6, 6],19.7.f.E.b

