3.b,2,3,11,2,[[-1/9], [1], [-3], [1], [13], [-24], [-3], [50], [-51], [1], [72]],[-1/9, 1, -3, 1, 13, -24, -3, 50, -51, 1, 72],3.3.b.E.a
3.b,2,3,11,2,[[0], [1], [3], [9], [13], [24], [27], [50], [51], [81], [72]],[0, 1, 3, 9, 13, 24, 27, 50, 51, 81, 72],3.3.b.E.b
4.b,3,3,11,2,[[-1/4], [1], [1], [-8], [1], [26], [-8], [-48], [1], [73], [26]],[-1/4, 1, 1, -8, 1, 26, -8, -48, 1, 73, 26],4.3.b.E.a
4.b,3,3,11,2,[[0], [1], [4], [8], [16], [26], [32], [48], [64], [73], [104]],[0, 1, 4, 8, 16, 26, 32, 48, 64, 73, 104],4.3.b.E.b
5.c,2,3,11,4,[[-2/5, -1/5], [1, 0], [1, 4], [1, -9], [-15, 4], [1, 0], [37, -5], [1, 49], [-15, -60], [-80, -9], [1, 4]],[-4/5, 2, 2, 2, -30, 2, 74, 2, -30, -160, 2],5.3.c.E.a
5.c,2,3,11,4,[[0, 0], [1, 0], [4, 1], [9, -1], [15, 4], [25, 0], [37, 5], [49, 1], [60, 15], [80, -9], [100, 25]],[0, 2, 8, 18, 30, 50, 74, 98, 120, 160, 200],5.3.c.E.b
7.b,6,3,11,2,[[-8/7], [1], [5], [-8], [21], [-24], [-40], [1], [85], [73], [-120]],[-8/7, 1, 5, -8, 21, -24, -40, 1, 85, 73, -120],7.3.b.E.a
7.b,6,3,11,2,[[0], [1], [5], [8], [21], [24], [40], [49], [85], [73], [120]],[0, 1, 5, 8, 21, 24, 40, 49, 85, 73, 120],7.3.b.E.b
7.d,3,3,11,6,[[0, -1], [1, 0], [-3, 4], [1, 9], [-3, -12], [26, -25], [-39, 13], [1, 0], [61, -12], [-80, 90], [22, 79]],[-1, 2, -2, 11, -18, 27, -65, 2, 110, -70, 123],7.3.d.E.a
7.d,3,3,11,6,[[0, 0], [1, 0], [3, 1], [9, 1], [12, 3], [26, -1], [26, 13], [49, 0], [49, 12], [80, 10], [79, 22]],[0, 2, 7, 19, 27, 51, 65, 98, 110, 170, 180],7.3.d.E.b
8.d,3,3,11,2,[[-3/2], [1], [1], [10], [1], [-24], [10], [-48], [1], [91], [-24]],[-3/2, 1, 1, 10, 1, -24, 10, -48, 1, 91, -24],8.3.d.E.a
8.d,3,3,11,2,[[0], [1], [4], [10], [16], [24], [40], [48], [64], [91], [96]],[0, 1, 4, 10, 16, 24, 40, 48, 64, 91, 96],8.3.d.E.b
9.d,2,3,11,6,[[-2/3, -5/3], [1, 0], [1, 4], [1, 0], [-15, 20], [26, -25], [1, 4], [1, -49], [-79, 20], [1, 0], [126, -21]],[-3, 2, 6, 2, -10, 27, 6, -47, -138, 2, 231],9.3.d.E.a
9.d,2,3,11,6,[[0, 0], [1, 0], [4, 1], [9, 0], [15, 5], [26, -1], [36, 9], [49, -1], [59, 20], [81, 0], [105, 21]],[0, 2, 9, 18, 35, 51, 81, 97, 138, 162, 231],9.3.d.E.b
11.b,10,3,11,2,[[-3], [1], [-3], [10], [13], [26], [-30], [-48], [-51], [91], [-78]],[-3, 1, -3, 10, 13, 26, -30, -48, -51, 91, -78],11.3.b.E.a
11.b,10,3,11,2,[[0], [1], [3], [10], [13], [26], [30], [48], [51], [91], [78]],[0, 1, 3, 10, 13, 26, 30, 48, 51, 91, 78],11.3.b.E.b
11.d,2,3,11,10,[[-10/11, -26/11, -9/11, 15/11], [1, 0, 0, 0], [1, 4, 0, 0], [1, 0, 0, -9], [1, 4, 16, 0], [-24, 25, -25, 25], [37, -32, 36, -45], [1, 0, -49, 0], [1, 4, 16, 64], [1, -81, 0, -9], [-124, 29, -25, 25]],[-42/11, 4, 8, -5, -8, -21, 35, 53, 56, -86, -417],11.3.d.E.a
11.d,2,3,11,10,[[0, 0, 0, 0], [1, 0, 0, 0], [4, 1, 0, 0], [9, 0, 0, -1], [16, 4, 1, 0], [24, 1, -1, 1], [37, 8, 1, -5], [49, 0, -1, 0], [64, 16, 4, 1], [81, -1, 0, -9], [95, 29, -4, 4]],[0, 4, 17, 35, 67, 99, 150, 197, 269, 314, 417],11.3.d.E.b
13.d,5,3,11,4,[[-27/13, 60/13], [1, 0], [1, -4], [10, 0], [-15, -4], [1, -25], [10, -40], [1, 49], [-15, 60], [91, 0], [-99, -29]],[-54/13, 2, 2, 20, -30, 2, 20, 2, -30, 182, -198],13.3.d.E.a
13.d,5,3,11,4,[[0, 0], [1, 0], [4, -1], [10, 0], [15, -4], [25, -1], [40, -10], [49, 1], [60, -15], [91, 0], [99, -29]],[0, 2, 8, 20, 30, 50, 80, 98, 120, 182, 198],13.3.d.E.b
13.f,2,3,11,12,[[1, -2, -5, 1], [1, 0, 0, 0], [1, 4, 0, 0], [-8, 0, 9, 0], [1, 4, 16, 0], [1, 0, 0, -25], [-8, -32, 9, 36], [1, 49, 0, -49], [1, 4, 16, 64], [-8, 0, -72, 0], [101, 4, -100, -25]],[-6, 4, 4, -14, 36, 4, -14, 4, 36, -176, 204],13.3.f.E.a
13.f,2,3,11,12,[[0, 0, 0, 0], [1, 0, 0, 0], [4, 1, 0, 0], [8, 0, 1, 0], [16, 4, 1, 0], [25, 0, 0, -1], [32, 8, 4, 1], [49, 1, 0, -1], [64, 16, 4, 1], [72, 0, 8, 0], [101, 25, -1, -4]],[0, 4, 16, 34, 66, 100, 136, 196, 264, 304, 402],13.3.f.E.b
15.d,14,3,11,2,[[-8], [1], [5], [1], [21], [1], [5], [-48], [85], [1], [5]],[-8, 1, 5, 1, 21, 1, 5, -48, 85, 1, 5],15.3.d.E.a
15.d,14,3,11,2,[[0], [1], [-5], [-9], [21], [-1], [45], [-48], [-85], [81], [5]],[0, 1, -5, -9, 21, -1, 45, -48, -85, 81, 5],15.3.d.E.b
15.d,14,3,11,2,[[0], [1], [-5], [-1], [21], [-25], [5], [48], [-85], [1], [125]],[0, 1, -5, -1, 21, -25, 5, 48, -85, 1, 125],15.3.d.E.c
15.d,14,3,11,2,[[0], [1], [5], [9], [21], [25], [45], [48], [85], [81], [125]],[0, 1, 5, 9, 21, 25, 45, 48, 85, 81, 125],15.3.d.E.d
16.f,3,3,11,4,[[-7/2, 15/2], [1, 0], [1, 0], [1, -9], [1, 0], [1, -25], [1, -9], [50, 0], [1, 0], [-80, -9], [1, -25]],[-7, 2, 2, 2, 2, 2, 2, 100, 2, -160, 2],16.3.f.E.a
16.f,3,3,11,4,[[0, 0], [1, 0], [4, 0], [9, -1], [16, 0], [25, -1], [36, -4], [50, 0], [64, 0], [80, -9], [100, -4]],[0, 2, 8, 18, 32, 50, 72, 100, 128, 160, 200],16.3.f.E.b
17.e,3,3,11,16,[[-40/17, -77/17, 12/17, 35/17, 78/17, -70/17, 65/17, 55/17], [1, 0, 0, 0, 0, 0, 0, 0], [1, 0, 0, 0, 0, 0, -4, 0], [1, 9, 0, 0, 0, 0, 0, 0], [1, 0, 0, 0, -16, 0, -4, 0], [1, 0, 0, 0, 0, 25, 0, 0], [1, 9, 0, 0, 0, 0, -4, -36], [1, 0, 0, -49, 0, 0, 0, 0], [1, 0, -64, 0, -16, 0, -4, 0], [1, 9, 81, 0, 0, 0, 0, 0], [1, 0, 0, 100, 0, 25, -4, 0]],[-320/17, 8, 8, 8, 8, 8, 8, 8, 8, 8, 8],17.3.e.E.a
17.e,3,3,11,16,[[0, 0, 0, 0, 0, 0, 0, 0], [1, 0, 0, 0, 0, 0, 0, 0], [4, 0, 0, 0, 0, 0, -1, 0], [9, 1, 0, 0, 0, 0, 0, 0], [16, 0, 0, 0, -1, 0, -4, 0], [25, 0, 0, 0, 0, 1, 0, 0], [36, 4, 0, 0, 0, 0, -9, -1], [49, 0, 0, -1, 0, 0, 0, 0], [64, 0, -1, 0, -4, 0, -16, 0], [81, 9, 1, 0, 0, 0, 0, 0], [100, 0, 0, 1, 0, 4, -25, 0]],[0, 8, 32, 72, 128, 200, 288, 392, 512, 648, 800],17.3.e.E.b
19.b,18,3,11,2,[[-11], [1], [-3], [-8], [13], [26], [24], [50], [-51], [73], [-78]],[-11, 1, -3, -8, 13, 26, 24, 50, -51, 73, -78],19.3.b.E.a
19.b,18,3,11,2,[[0], [1], [3], [8], [13], [26], [24], [50], [51], [73], [78]],[0, 1, 3, 8, 13, 26, 24, 50, 51, 73, 78],19.3.b.E.b
19.d,8,3,11,6,[[139/19, -300/19], [1, 0], [1, 4], [1, 9], [-15, 20], [1, -25], [-35, 49], [50, 0], [-79, 20], [-80, 90], [101, -121]],[-22/19, 2, 6, 11, -10, -23, -21, 100, -138, -70, 81],19.3.d.E.a
19.d,8,3,11,6,[[0, 0], [1, 0], [4, 1], [9, 1], [15, 5], [25, -1], [35, 14], [50, 0], [59, 20], [80, 10], [101, 20]],[0, 2, 9, 19, 35, 49, 84, 100, 138, 170, 222],19.3.d.E.b
19.f,2,3,11,18,[[1, -10, -5, -6, 11, 4], [1, 0, 0, 0, 0, 0], [1, 4, 0, 0, 0, 0], [1, 0, 0, 0, -9, 0], [1, 4, 16, 0, 0, 0], [1, 25, 0, 0, -25, 0], [1, 4, 0, 0, -9, -36], [-48, 0, 0, 49, 0, 0], [1, 4, 16, 64, 0, 0], [1, 0, -81, 0, -9, 81], [1, 29, 100, 0, -25, -100]],[-12, 6, 6, 6, 6, 6, 6, -141, 198, 6, 6],19.3.f.E.a
19.f,2,3,11,18,[[0, 0, 0, 0, 0, 0], [1, 0, 0, 0, 0, 0], [4, 1, 0, 0, 0, 0], [9, 0, 0, 0, -1, 0], [16, 4, 1, 0, 0, 0], [25, 1, 0, 0, -1, 0], [36, 9, 0, 0, -4, -1], [48, 0, 0, 1, 0, 0], [64, 16, 4, 1, 0, 0], [81, 0, -1, 0, -9, 1], [100, 29, 1, 0, -4, -1]],[0, 6, 24, 54, 96, 150, 216, 291, 387, 486, 600],19.3.f.E.b
20.d,19,3,11,2,[[-15], [1], [1], [10], [1], [1], [10], [50], [1], [91], [1]],[-15, 1, 1, 10, 1, 1, 10, 50, 1, 91, 1],20.3.d.E.a
20.d,19,3,11,2,[[0], [1], [-4], [-10], [16], [1], [40], [-50], [-64], [91], [-4]],[0, 1, -4, -10, 16, 1, 40, -50, -64, 91, -4],20.3.d.E.b
20.d,19,3,11,2,[[0], [1], [-1], [-10], [1], [25], [10], [-50], [-1], [91], [-25]],[0, 1, -1, -10, 1, 25, 10, -50, -1, 91, -25],20.3.d.E.c
20.d,19,3,11,2,[[0], [1], [4], [10], [16], [25], [40], [50], [64], [91], [100]],[0, 1, 4, 10, 16, 25, 40, 50, 64, 91, 100],20.3.d.E.d
1.a,1,4,11,1,[[1/240], [1], [9], [28], [73], [126], [252], [344], [585], [757], [1134]],[1/240, 1, 9, 28, 73, 126, 252, 344, 585, 757, 1134],1.4.a.E.a
5.b,4,4,11,2,[[0], [1], [7], [26], [57], [125], [182], [342], [455], [703], [875]],[0, 1, 7, 26, 57, 125, 182, 342, 455, 703, 875],5.4.b.E.a
5.b,4,4,11,2,[[1], [1], [-7], [-26], [57], [1], [182], [-342], [-455], [703], [-7]],[1, 1, -7, -26, 57, 1, 182, -342, -455, 703, -7],5.4.b.E.b
7.c,2,4,11,6,[[0, 0], [1, 0], [8, -1], [26, 1], [63, -7], [125, -1], [209, -19], [343, 0], [505, -56], [702, 26], [999, -132]],[0, 2, 15, 53, 119, 249, 399, 686, 954, 1430, 1866],7.4.c.E.a
7.c,2,4,11,6,[[27/7, -11/7], [1, 0], [1, -8], [-26, 27], [-63, 56], [1, -125], [190, 19], [1, 0], [449, 56], [-26, -702], [-999, 867]],[43/7, 2, -6, -25, -70, -123, 399, 2, 954, -754, -1131],7.4.c.E.b
8.b,5,4,11,2,[[0], [1], [8], [26], [64], [124], [208], [344], [512], [703], [992]],[0, 1, 8, 26, 64, 124, 208, 344, 512, 703, 992],8.4.b.E.a
8.b,5,4,11,2,[[11/2], [1], [1], [-26], [1], [-124], [-26], [344], [1], [703], [-124]],[11/2, 1, 1, -26, 1, -124, -26, 344, 1, 703, -124],8.4.b.E.b
9.c,4,4,11,6,[[0, 0], [1, 0], [7, 1], [27, 0], [56, 7], [125, -1], [189, 27], [342, 1], [449, 56], [729, 0], [876, 117]],[0, 2, 15, 54, 119, 249, 405, 685, 954, 1458, 1869],9.4.c.E.a
9.c,4,4,11,6,[[11/3, 17/3], [1, 0], [-7, 8], [1, 0], [-7, -56], [1, -125], [-7, 8], [-342, 343], [505, -56], [1, 0], [993, -117]],[13, 2, -6, 2, -70, -123, -6, -341, 954, 2, 1869],9.4.c.E.b
11.c,3,4,11,10,[[0, 0, 0, 0], [1, 0, 0, 0], [8, 0, 0, -1], [26, 1, -1, 1], [64, -1, 0, -8], [125, 0, 1, 0], [208, 8, -7, -19], [343, -1, 0, 0], [511, -7, -1, -63], [702, 27, -27, 26], [1001, 0, 8, -125]],[0, 4, 31, 107, 247, 499, 828, 1371, 1975, 2888, 3871],11.4.c.E.a
11.c,3,4,11,10,[[119/11, 52/11, -81/11, -63/11], [1, 0, 0, 0], [1, 0, 0, -8], [-26, 27, -27, 27], [1, -64, 0, -8], [1, 0, 125, 0], [-26, 27, 189, 19], [1, -343, 0, 0], [-511, 448, -512, 504], [-26, 27, -27, -702], [1001, 0, 125, -8]],[546/11, 4, -4, -23, -68, -121, -247, -339, -580, -752, 3871],11.4.c.E.b
12.b,11,4,11,2,[[0], [1], [-8], [-1], [64], [-124], [8], [342], [-512], [1], [992]],[0, 1, -8, -1, 64, -124, 8, 342, -512, 1, 992],12.4.b.E.a
12.b,11,4,11,2,[[0], [1], [-1], [-27], [1], [124], [27], [-342], [-1], [729], [-124]],[0, 1, -1, -27, 1, 124, 27, -342, -1, 729, -124],12.4.b.E.b
12.b,11,4,11,2,[[0], [1], [8], [27], [64], [124], [216], [342], [512], [729], [992]],[0, 1, 8, 27, 64, 124, 216, 342, 512, 729, 992],12.4.b.E.c
12.b,11,4,11,2,[[23], [1], [1], [1], [1], [-124], [1], [-342], [1], [1], [-124]],[23, 1, 1, 1, 1, -124, 1, -342, 1, 1, -124],12.4.b.E.d
13.b,12,4,11,2,[[0], [1], [7], [28], [57], [124], [196], [342], [455], [757], [868]],[0, 1, 7, 28, 57, 124, 196, 342, 455, 757, 868],13.4.b.E.a
13.b,12,4,11,2,[[29], [1], [-7], [28], [57], [-124], [-196], [-342], [-455], [757], [868]],[29, 1, -7, 28, 57, -124, -196, -342, -455, 757, 868],13.4.b.E.b
13.c,3,4,11,6,[[0, 0], [1, 0], [7, 1], [26, 1], [56, 7], [126, 0], [181, 34], [343, -1], [449, 56], [702, 26], [882, 126]],[0, 2, 15, 53, 119, 252, 396, 685, 954, 1430, 1890],13.4.c.E.a
13.c,3,4,11,6,[[-90/13, 419/13], [1, 0], [-7, 8], [-26, 27], [-7, -56], [126, 0], [-34, -181], [1, -343], [505, -56], [-26, -702], [-882, 1008]],[239/13, 2, -6, -25, -70, 252, -249, -341, 954, -754, -756],13.4.c.E.b
13.e,4,4,11,6,[[0, 0], [1, 0], [8, 1], [27, -1], [63, 9], [124, 0], [217, 18], [344, -1], [503, 72], [728, -26], [992, 124]],[0, 2, 17, 53, 135, 248, 452, 687, 1078, 1430, 2108],13.4.e.E.a
13.e,4,4,11,6,[[19, 17], [1, 0], [1, 8], [1, -27], [-63, 72], [-124, 0], [217, -235], [344, -343], [-575, 72], [-728, 702], [-124, -992]],[55, 2, 10, -25, -54, -248, 199, 345, -1078, -754, -1240],13.4.e.E.b
15.e,2,4,11,4,[[0, 0], [1, 0], [-8, 1], [0, -1], [63, -8], [-125, 0], [1, 8], [343, 1], [-504, 63], [-1, 0], [1000, -125]],[0, 2, -16, 0, 126, -250, 2, 686, -1008, -2, 2000],15.4.e.E.a
15.e,2,4,11,4,[[0, 0], [1, 0], [-1, 8], [0, -27], [-63, -8], [-1, 0], [216, 27], [1, 343], [63, -504], [-729, 0], [1, -8]],[0, 2, -2, 0, -126, -2, 432, 2, 126, -1458, 2],15.4.e.E.b
15.e,2,4,11,4,[[0, 0], [1, 0], [8, -1], [27, 0], [63, -8], [125, 0], [216, -27], [343, 1], [504, -63], [729, 0], [1000, -125]],[0, 2, 16, 54, 126, 250, 432, 686, 1008, 1458, 2000],15.4.e.E.c
15.e,2,4,11,4,[[29, -41], [1, 0], [1, -8], [1, 0], [-63, -8], [1, 0], [1, -8], [1, 343], [-63, 504], [1, 0], [1, -8]],[58, 2, 2, 2, -126, 2, 2, 2, -126, 2, 2],15.4.e.E.d
16.e,5,4,11,4,[[0, 0], [1, 0], [8, 0], [27, -1], [64, 0], [125, 1], [216, -8], [342, 0], [512, 0], [728, -27], [1000, 8]],[0, 2, 16, 54, 128, 250, 432, 684, 1024, 1456, 2000],16.4.e.E.a
16.e,5,4,11,4,[[117/2, -47/2], [1, 0], [1, 0], [1, -27], [1, 0], [1, 125], [1, -27], [-342, 0], [1, 0], [-728, -27], [1, 125]],[117, 2, 2, 2, 2, 2, 2, -684, 2, -1456, 2],16.4.e.E.b
17.b,16,4,11,2,[[0], [1], [9], [26], [73], [124], [234], [342], [585], [703], [1116]],[0, 1, 9, 26, 73, 124, 234, 342, 585, 703, 1116],17.4.b.E.a
17.b,16,4,11,2,[[82], [1], [9], [-26], [73], [-124], [-234], [-342], [585], [703], [-1116]],[82, 1, 9, -26, 73, -124, -234, -342, 585, 703, -1116],17.4.b.E.b
17.c,4,4,11,4,[[0, 0], [1, 0], [7, 0], [27, -1], [57, 0], [125, -1], [189, -7], [343, 1], [455, 0], [728, -27], [875, -7]],[0, 2, 14, 54, 114, 250, 378, 686, 910, 1456, 1750],17.4.c.E.a
17.c,4,4,11,4,[[781/17, -973/17], [1, 0], [-7, 0], [1, -27], [57, 0], [1, -125], [-7, 189], [1, 343], [-455, 0], [-728, -27], [-7, 875]],[1562/17, 2, -14, 2, 114, 2, -14, 2, -910, -1456, -14],17.4.c.E.b
17.d,2,4,11,8,[[0, 0, 0, 0], [1, 0, 0, 0], [8, 0, 1, 0], [27, 0, 0, -1], [63, 0, 8, 0], [125, 0, 0, 1], [216, 1, 27, -8], [343, -1, 0, 0], [504, 0, 63, 0], [729, 0, -1, -27], [1000, -1, 125, 8]],[0, 4, 32, 108, 252, 500, 864, 1372, 2016, 2916, 4000],17.4.d.E.a
17.d,2,4,11,8,[[36, 8, 63, -27], [1, 0, 0, 0], [1, 0, 8, 0], [1, 0, 0, -27], [-63, 0, 8, 0], [1, 0, 0, 125], [1, 216, 8, -27], [1, -343, 0, 0], [-63, 0, -504, 0], [1, 0, -729, -27], [1, -1000, 8, 125]],[144, 4, 4, 4, -252, 4, 4, 4, -252, 4, 4],17.4.d.E.b
19.c,7,4,11,6,[[-89, 124], [1, 0], [-7, 8], [-26, 27], [-7, -56], [-124, 125], [-34, -181], [344, 0], [505, -56], [-26, -702], [-132, -867]],[-54, 2, -6, -25, -70, -123, -249, 688, 954, -754, -1131],19.4.c.E.a
19.c,7,4,11,6,[[0, 0], [1, 0], [7, 1], [26, 1], [56, 7], [124, 1], [181, 34], [344, 0], [449, 56], [702, 26], [867, 132]],[0, 2, 15, 53, 119, 249, 396, 688, 954, 1430, 1866],19.4.c.E.b
19.e,4,4,11,18,[[0, 0, 0, 0, 0, 0], [1, 0, 0, 0, 0, 0], [8, 0, 1, 0, 0, 0], [27, 0, -1, 0, 0, 1], [64, 0, 8, 0, 1, 0], [125, 0, 0, 0, 0, -1], [216, -1, 19, 0, 0, 8], [343, 0, 0, -1, 0, 0], [511, 0, 64, 1, 8, 0], [729, 1, -27, 0, -1, 27], [1000, 1, 125, 0, -1, -8]],[0, 6, 48, 162, 384, 750, 1296, 2055, 3069, 4374, 6000],19.4.e.E.a
19.e,4,4,11,18,[[1855/19, -504/19, 287/19, -172/19, 1125/19, 649/19], [1, 0, 0, 0, 0, 0], [1, 0, 8, 0, 0, 0], [1, 0, -27, 0, 0, 27], [1, 0, 8, 0, 64, 0], [1, 0, 0, 0, 0, -125], [1, -216, -19, 0, 0, 27], [1, 0, 0, -343, 0, 0], [-511, 0, 8, 512, 64, 0], [1, 729, -27, 0, -729, 27], [1, 1000, 8, 0, -1000, -125]],[10614/19, 6, 6, 6, 6, 6, 6, -1023, -1530, 6, 6],19.4.e.E.b
20.e,3,4,11,4,[[0, 0], [1, 0], [0, -1], [-27, 1], [-1, 0], [125, 0], [1, 27], [-343, -1], [0, 1], [728, -27], [0, -125]],[0, 2, 0, -54, -2, 250, 2, -686, 0, 1456, 0],20.4.e.E.a
20.e,3,4,11,4,[[0, 0], [1, 0], [0, -8], [-1, 27], [-64, 0], [1, 0], [216, 8], [-1, -343], [0, 512], [-728, -27], [0, -8]],[0, 2, 0, -2, -128, 2, 432, -2, 0, -1456, 0],20.4.e.E.b
20.e,3,4,11,4,[[0, 0], [1, 0], [8, 0], [27, -1], [64, 0], [125, 0], [216, -8], [343, 1], [512, 0], [728, -27], [1000, 0]],[0, 2, 16, 54, 128, 250, 432, 686, 1024, 1456, 2000],20.4.e.E.c
20.e,3,4,11,4,[[118, -71], [1, 0], [1, 0], [1, -27], [1, 0], [1, 0], [1, -27], [1, 343], [1, 0], [-728, -27], [1, 0]],[236, 2, 2, 2, 2, 2, 2, 2, 2, -1456, 2],20.4.e.E.d
3.b,2,5,11,2,[[0], [1], [15], [81], [241], [624], [1215], [2402], [3855], [6561], [9360]],[0, 1, 15, 81, 241, 624, 1215, 2402, 3855, 6561, 9360],3.5.b.E.a
3.b,2,5,11,2,[[1/3], [1], [-15], [1], [241], [-624], [-15], [2402], [-3855], [1], [9360]],[1/3, 1, -15, 1, 241, -624, -15, 2402, -3855, 1, 9360],3.5.b.E.b
4.b,3,5,11,2,[[0], [1], [16], [80], [256], [626], [1280], [2400], [4096], [6481], [10016]],[0, 1, 16, 80, 256, 626, 1280, 2400, 4096, 6481, 10016],4.5.b.E.a
4.b,3,5,11,2,[[5/4], [1], [1], [-80], [1], [626], [-80], [-2400], [1], [6481], [626]],[5/4, 1, 1, -80, 1, 626, -80, -2400, 1, 6481, 626],4.5.b.E.b
5.c,2,5,11,4,[[0, 0], [1, 0], [16, 1], [81, -1], [255, 16], [625, 0], [1297, 65], [2401, 1], [4080, 255], [6560, -81], [10000, 625]],[0, 2, 32, 162, 510, 1250, 2594, 4802, 8160, 13120, 20000],5.5.c.E.a
5.c,2,5,11,4,[[74/25, 43/25], [1, 0], [1, 16], [1, -81], [-255, 16], [1, 0], [1297, -65], [1, 2401], [-255, -4080], [-6560, -81], [1, 16]],[148/25, 2, 2, 2, -510, 2, 2594, 2, -510, -13120, 2],5.5.c.E.b
7.b,6,5,11,2,[[0], [1], [17], [80], [273], [624], [1360], [2401], [4369], [6481], [10608]],[0, 1, 17, 80, 273, 624, 1360, 2401, 4369, 6481, 10608],7.5.b.E.a
7.b,6,5,11,2,[[16], [1], [17], [-80], [273], [-624], [-1360], [1], [4369], [6481], [-10608]],[16, 1, 17, -80, 273, -624, -1360, 1, 4369, 6481, -10608],7.5.b.E.b
7.d,3,5,11,6,[[0, 0], [1, 0], [15, 1], [81, 1], [240, 15], [626, -1], [1214, 97], [2401, 0], [3841, 240], [6560, 82], [9391, 610]],[0, 2, 31, 163, 495, 1251, 2525, 4802, 7922, 13202, 19392],7.5.d.E.a
7.d,3,5,11,6,[[-12/7, 113/7], [1, 0], [-15, 16], [1, 81], [-15, -240], [626, -625], [-1311, 97], [1, 0], [4081, -240], [-6560, 6642], [610, 9391]],[89/7, 2, -14, 83, -270, 627, -2525, 2, 7922, -6478, 10611],7.5.d.E.b
8.d,3,5,11,2,[[0], [1], [16], [82], [256], [624], [1312], [2400], [4096], [6643], [9984]],[0, 1, 16, 82, 256, 624, 1312, 2400, 4096, 6643, 9984],8.5.d.E.a
8.d,3,5,11,2,[[57/2], [1], [1], [82], [1], [-624], [82], [-2400], [1], [6643], [-624]],[57/2, 1, 1, 82, 1, -624, 82, -2400, 1, 6643, -624],8.5.d.E.b
9.d,2,5,11,6,[[0, 0], [1, 0], [16, 1], [81, 0], [255, 17], [626, -1], [1296, 81], [2401, -1], [4079, 272], [6561, 0], [10017, 609]],[0, 2, 33, 162, 527, 1251, 2673, 4801, 8430, 13122, 20643],9.5.d.E.a
9.d,2,5,11,6,[[34/3, 127/3], [1, 0], [1, 16], [1, 0], [-255, 272], [626, -625], [1, 16], [1, -2401], [-4351, 272], [1, 0], [10626, -609]],[65, 2, 18, 2, -238, 627, 18, -2399, -8430, 2, 20643],9.5.d.E.b
11.b,10,5,11,2,[[0], [1], [15], [82], [241], [626], [1230], [2400], [3855], [6643], [9390]],[0, 1, 15, 82, 241, 626, 1230, 2400, 3855, 6643, 9390],11.5.b.E.a
11.b,10,5,11,2,[[1275/11], [1], [-15], [82], [241], [626], [-1230], [-2400], [-3855], [6643], [-9390]],[1275/11, 1, -15, 82, 241, 626, -1230, -2400, -3855, 6643, -9390],11.5.b.E.b
11.d,2,5,11,10,[[0, 0, 0, 0], [1, 0, 0, 0], [16, 1, 0, 0], [81, 0, 0, -1], [256, 16, 1, 0], [624, 1, -1, 1], [1297, 80, 1, -17], [2401, 0, -1, 0], [4096, 256, 16, 1], [6561, -1, 0, -81], [9983, 641, -16, 16]],[0, 4, 65, 323, 1039, 2499, 5250, 9605, 16625, 26162, 40605],11.5.d.E.a
11.d,2,5,11,10,[[22, 86, 33, -51], [1, 0, 0, 0], [1, 16, 0, 0], [1, 0, 0, -81], [1, 16, 256, 0], [-624, 625, -625, 625], [1297, -1280, 1296, -1377], [1, 0, -2401, 0], [1, 16, 256, 4096], [1, -6561, 0, -81], [-10624, 641, -625, 625]],[90, 4, 20, -77, -236, -621, 1235, 2405, 3860, -6638, -40605],11.5.d.E.b
13.d,5,5,11,4,[[0, 0], [1, 0], [16, -1], [82, 0], [255, -16], [625, -1], [1312, -82], [2401, 1], [4080, -255], [6643, 0], [9999, -641]],[0, 2, 32, 164, 510, 1250, 2624, 4802, 8160, 13286, 19998],13.5.d.E.a
13.d,5,5,11,4,[[81, -240], [1, 0], [1, -16], [82, 0], [-255, -16], [1, -625], [82, -1312], [1, 2401], [-255, 4080], [6643, 0], [-9999, -641]],[162, 2, 2, 164, -510, 2, 164, 2, -510, 13286, -19998],13.5.d.E.b
13.f,2,5,11,12,[[0, 0, 0, 0], [1, 0, 0, 0], [16, 1, 0, 0], [80, 0, 1, 0], [256, 16, 1, 0], [625, 0, 0, -1], [1280, 80, 16, 1], [2401, 1, 0, -1], [4096, 256, 16, 1], [6480, 0, 80, 0], [10001, 625, -1, -16]],[0, 4, 64, 322, 1026, 2500, 5152, 9604, 16416, 26080, 40002],13.5.f.E.a
13.f,2,5,11,12,[[-911/13, 1138/13, 3475/13, -743/13], [1, 0, 0, 0], [1, 16, 0, 0], [-80, 0, 81, 0], [1, 16, 256, 0], [1, 0, 0, -625], [-80, -1280, 81, 1296], [1, 2401, 0, -2401], [1, 16, 256, 4096], [-80, 0, -6480, 0], [10001, 16, -10000, -625]],[3306/13, 4, 4, -158, 516, 4, -158, 4, 516, -13280, 20004],13.5.f.E.b
15.d,14,5,11,2,[[0], [1], [-17], [-81], [273], [-1], [1377], [-2400], [-4369], [6561], [17]],[0, 1, -17, -81, 273, -1, 1377, -2400, -4369, 6561, 17],15.5.d.E.a
15.d,14,5,11,2,[[0], [1], [-17], [-1], [273], [-625], [17], [2400], [-4369], [1], [10625]],[0, 1, -17, -1, 273, -625, 17, 2400, -4369, 1, 10625],15.5.d.E.b
15.d,14,5,11,2,[[0], [1], [17], [81], [273], [625], [1377], [2400], [4369], [6561], [10625]],[0, 1, 17, 81, 273, 625, 1377, 2400, 4369, 6561, 10625],15.5.d.E.c
15.d,14,5,11,2,[[496], [1], [17], [1], [273], [1], [17], [-2400], [4369], [1], [17]],[496, 1, 17, 1, 273, 1, 17, -2400, 4369, 1, 17],15.5.d.E.d
16.f,3,5,11,4,[[0, 0], [1, 0], [16, 0], [81, -1], [256, 0], [625, -1], [1296, -16], [2402, 0], [4096, 0], [6560, -81], [10000, -16]],[0, 2, 32, 162, 512, 1250, 2592, 4804, 8192, 13120, 20000],16.5.f.E.a
16.f,3,5,11,4,[[497/2, -1185/2], [1, 0], [1, 0], [1, -81], [1, 0], [1, -625], [1, -81], [2402, 0], [1, 0], [-6560, -81], [1, -625]],[497, 2, 2, 2, 2, 2, 2, 4804, 2, -13120, 2],16.5.f.E.b
17.e,3,5,11,16,[[0, 0, 0, 0, 0, 0, 0, 0], [1, 0, 0, 0, 0, 0, 0, 0], [16, 0, 0, 0, 0, 0, -1, 0], [81, 1, 0, 0, 0, 0, 0, 0], [256, 0, 0, 0, -1, 0, -16, 0], [625, 0, 0, 0, 0, 1, 0, 0], [1296, 16, 0, 0, 0, 0, -81, -1], [2401, 0, 0, -1, 0, 0, 0, 0], [4096, 0, -1, 0, -16, 0, -256, 0], [6561, 81, 1, 0, 0, 0, 0, 0], [10000, 0, 0, 1, 0, 16, -625, 0]],[0, 8, 128, 648, 2048, 5000, 10368, 19208, 32768, 52488, 80000],17.5.e.E.a
17.e,3,5,11,16,[[2696/17, 6391/17, -1212/17, -3493/17, -6942/17, 6566/17, -4927/17, -5357/17], [1, 0, 0, 0, 0, 0, 0, 0], [1, 0, 0, 0, 0, 0, -16, 0], [1, 81, 0, 0, 0, 0, 0, 0], [1, 0, 0, 0, -256, 0, -16, 0], [1, 0, 0, 0, 0, 625, 0, 0], [1, 81, 0, 0, 0, 0, -16, -1296], [1, 0, 0, -2401, 0, 0, 0, 0], [1, 0, -4096, 0, -256, 0, -16, 0], [1, 81, 6561, 0, 0, 0, 0, 0], [1, 0, 0, 10000, 0, 625, -16, 0]],[21568/17, 8, 8, 8, 8, 8, 8, 8, 8, 8, 8],17.5.e.E.b
19.b,18,5,11,2,[[0], [1], [15], [80], [241], [626], [1200], [2402], [3855], [6481], [9390]],[0, 1, 15, 80, 241, 626, 1200, 2402, 3855, 6481, 9390],19.5.b.E.a
19.b,18,5,11,2,[[1345], [1], [-15], [-80], [241], [626], [1200], [2402], [-3855], [6481], [-9390]],[1345, 1, -15, -80, 241, 626, 1200, 2402, -3855, 6481, -9390],19.5.b.E.b
19.d,8,5,11,6,[[-911, 1632], [1, 0], [1, 16], [1, 81], [-255, 272], [1, -625], [-1295, 1393], [2402, 0], [-4351, 272], [-6560, 6642], [10001, -10609]],[-190, 2, 18, 83, -238, -623, -1197, 4804, -8430, -6478, 9393],19.5.d.E.a
19.d,8,5,11,6,[[0, 0], [1, 0], [16, 1], [81, 1], [255, 17], [625, -1], [1295, 98], [2402, 0], [4079, 272], [6560, 82], [10001, 608]],[0, 2, 33, 163, 527, 1249, 2688, 4804, 8430, 13202, 20610],19.5.d.E.b
19.f,2,5,11,18,[[0, 0, 0, 0, 0, 0], [1, 0, 0, 0, 0, 0], [16, 1, 0, 0, 0, 0], [81, 0, 0, 0, -1, 0], [256, 16, 1, 0, 0, 0], [625, 1, 0, 0, -1, 0], [1296, 81, 0, 0, -16, -1], [2400, 0, 0, 1, 0, 0], [4096, 256, 16, 1, 0, 0], [6561, 0, -1, 0, -81, 1], [10000, 641, 1, 0, -16, -1]],[0, 6, 96, 486, 1536, 3750, 7776, 14403, 24579, 39366, 60000],19.5.f.E.a
19.f,2,5,11,18,[[-4349/19, 19862/19, 10009/19, 14082/19, -22495/19, -8936/19], [1, 0, 0, 0, 0, 0], [1, 16, 0, 0, 0, 0], [1, 0, 0, 0, -81, 0], [1, 16, 256, 0, 0, 0], [1, 625, 0, 0, -625, 0], [1, 16, 0, 0, -81, -1296], [-2400, 0, 0, 2401, 0, 0], [1, 16, 256, 4096, 0, 0], [1, 0, -6561, 0, -81, 6561], [1, 641, 10000, 0, -625, -10000]],[16152/19, 6, 6, 6, 6, 6, 6, -7197, 12294, 6, 6],19.5.f.E.b
20.d,19,5,11,2,[[0], [1], [-16], [-82], [256], [1], [1312], [-2402], [-4096], [6643], [-16]],[0, 1, -16, -82, 256, 1, 1312, -2402, -4096, 6643, -16],20.5.d.E.a
20.d,19,5,11,2,[[0], [1], [-1], [-82], [1], [625], [82], [-2402], [-1], [6643], [-625]],[0, 1, -1, -82, 1, 625, 82, -2402, -1, 6643, -625],20.5.d.E.b
20.d,19,5,11,2,[[0], [1], [16], [82], [256], [625], [1312], [2402], [4096], [6643], [10000]],[0, 1, 16, 82, 256, 625, 1312, 2402, 4096, 6643, 10000],20.5.d.E.c
20.d,19,5,11,2,[[1761], [1], [1], [82], [1], [1], [82], [2402], [1], [6643], [1]],[1761, 1, 1, 82, 1, 1, 82, 2402, 1, 6643, 1],20.5.d.E.d
